DATE / RAOB	ELEV	REPORT	MUCAPE	MUMR	500TEMP	300 T	7-5 LR	5-3 LR	0-3SH	0-6SH	0-9SH	SRH3	SHIP	MODELb
95052300.DDC	791	6.00	4181	15.3	-9.6	-36.2	7.5	7.1	23.4	19.4	26.8	325	1.9	3.0
91051100.MAF	873	6.00	4692	14.9	-10.8	-37.3	8.8	7.2	14.2	13.2	18.1	-37	1.9	2.7
97061700.OUN	357	5.50	5751	18.8	-9.5	-36.1	7.4	7.1	14.5	23.6	45.9	116	3.1	3.5
99012200.LZK	165	5.00	2240	12.3	-17.3	-41.7	7.6	6.8	23.0	26.3	32.1	294	2.3	3.0
96061200.DDC	791	5.00	2820	13.7	-8.3	-34.7	7.6	7.1	12.9	20.3	15.8	142	1.2	2.5
92072600.DDC	791	5.00	4794	17.4	-4.6	-31.2	6.8	7.0	18.2	17.4	14.6	176	1.0	0.8
91052900.HON	392	5.00	3892	15.2	-12.3	-38.0	8.0	7.0	25.0	40.7	36.0	269	3.4	3.5
90070800.BIS	504	5.00	3717	16.6	-9.8	-33.6	7.7	6.4	12.5	29.8	42.2	202	2.4	2.4
57070300.RAP	966	5.00	4359	15.8	-6.7	-36.0	7.7	7.8	13.9	22.9	39.3	130	1.7	3.4
06040300.LZK	78	5.00	3819	13.7	-14.9	-44.7	8.0	8.2	20.9	26.6	32.6	251	3.9	3.4
99060100.DDC	790	4.75	4387	15.9	-11.3	-38.7	8.0	7.4	15.3	27.7	38.0	209	3.5	3.5
96102100.OUN	362	4.50	2995	12.7	-12.9	-42.6	7.5	8.1	15.6	20.3	28.4	71	1.8	3.0
96081100.LBF	847	4.50	2360	13.3	-8.4	-34.4	6.2	7.0	26.5	26.1	22.0	326	1.0	2.6
96062700.TFX	1130	4.50	3835	13.9	-10.9	-37.2	8.3	7.1	21.8	37.1	44.3	297	3.0	1.6
96051000.TOP	268	4.50	3884	15.6	-11.1	-40.4	8.8	8.0	22.1	18.3	22.3	234	2.2	3.3
96050500.IAD	85	4.50	2432	12.1	-15.2	-41.7	7.2	7.3	15.9	25.0	25.5	36	1.9	1.9
96030700.JAN	91	4.50	2362	14.0	-12.5	-38.9	6.8	7.2	16.8	34.9	36.9	196	1.8	0.6
95060900.MAF	873	4.50	5653	17.8	-8.1	-37.7	8.1	8.0	12.8	18.7	33.5	83	2.2	2.9
95060500.MAF	873	4.50	4358	14.9	-8.6	-40.7	7.6	8.7	16.0	23.2	32.0	181	2.1	2.9
95051700.DDC	791	4.50	4878	15.6	-10.8	-39.2	8.5	7.7	8.9	26.6	40.7	43	3.8	2.6
94060800.LBF	847	4.50	3400	13.0	-9.5	-37.5	7.8	7.6	8.1	18.7	18.4	109	1.5	2.4
94042600.SEP	399	4.50	4409	16.3	-11.5	-41.9	7.4	8.3	21.2	26.7	26.2	138	3.3	3.3
94040300.OUN	362	4.50	2075	10.1	-17.0	-44.2	7.6	7.5	18.7	31.2	39.3	163	1.9	2.1
93101800.SEP	428	4.50	3958	15.7	-10.6	-34.9	7.0	6.5	23.2	31.7	30.5	441	2.6	2.2
93101300.SEP	428	4.50	3151	14.2	-13.1	-36.5	8.0	6.3	15.0	22.3	31.8	307	2.4	2.9
93092200.TOP	270	4.50	3665	16.8	-8.1	-37.9	6.5	8.0	21.3	21.3	37.9	502	1.3	1.3
93092200.OVN	486	4.50	3685	15.4	-11.1	-40.4	8.1	7.9	23.5	31.9	33.2	492	2.9	4.0
93072400.BIS	505	4.50	3597	15.3	-9.8	-38.4	5.8	7.7	14.9	21.0	33.2	263	1.4	2.3
93062700.OVN	400	4.50	3720	15.0	-10.0	-38.2	6.3	7.6	9.4	22.3	28.9	140	1.7	3.1
93060800.OUN	431	4.50	4917	17.0	-9.1	-34.9	7.1	6.9	9.7	30.6	26.7	195	2.8	2.6
93050100.DDC	790	4.50	3206	11.1	-16.5	-44.2	8.0	7.7	15.4	24.0	29.9	194	2.7	3.7
92073000.TOP	268	4.50	4074	16.6	-10.0	-37.8	7.5	7.5	11.8	22.5	22.1	164	2.2	2.4
92073000.OVN	400	4.50	4366	16.6	-11.4	-38.3	7.4	7.3	13.9	22.3	23.7	216	2.7	3.2
92062900.SEP	399	4.50	3761	17.4	-9.6	-33.8	7.8	6.6	13.7	21.8	15.6	248	2.0	2.8
92062800.DDC	791	4.50	2750	13.8	-11.3	-34.2	7.8	6.2	15.2	20.6	41.3	315	1.6	2.9
92062800.AMA	1095	4.50	4069	16.0	-10.3	-36.1	7.9	6.9	16.9	22.8	27.5	150	2.4	3.2
91081400.GTF	1118	4.50	2524	11.5	-13.2	-37.4	8.5	6.6	15.3	25.8	28.9	213	2.0	2.0
91072100.HON	392	4.50	5826	20.1	-6.1	-32.2	6.8	6.9	14.3	22.8	33.9	180	1.8	1.9
91042912.BRO	7	4.50	4471	19.5	-9.8	-38.2	7.7	7.6	13.7	23.1	24.2	254	2.5	-999.0
91032800.FNT	236	4.50	1860	11.3	-17.3	-44.0	7.6	7.4	26.8	47.0	45.4	431	1.8	2.9
90051600.OUN	357	4.50	4398	16.7	-9.0	-36.4	7.6	7.3	23.2	25.5	44.9	180	2.5	3.1
89080400.INL	359	4.50	3953	17.4	-11.5	-30.6	8.3	5.1	7.3	18.6	29.2	36	2.3	1.0
89070300.SEP	399	4.50	5261	18.5	-7.6	-28.8	8.4	5.6	12.9	22.6	1.2	222	2.5	2.9
89062700.GSO	277	4.50	4349	17.6	-7.3	-33.8	6.3	7.1	7.8	14.2	6.4	52	0.9	0.9
89060700.SEP	399	4.50	3510	15.6	-7.9	-33.9	7.0	7.0	9.0	24.8	47.4	130	1.6	2.4
89060400.MAF	873	4.50	3939	14.0	-10.0	-36.2	8.5	7.1	6.6	20.6	33.6	58	2.2	2.2
02043000.FWD	171	4.50	5853	19.4	-10.9	-33.7	8.0	6.1	14.6	29.7	37.1	151	4.4	3.1
02042900.IAD	93	4.50	2553	13.6	-16.7	-41.9	7.3	6.9	24.9	21.1	33.9	373	2.1	2.9
08020600.SHV	79	4.25	2312	13.5	-14.1	-42.1	7.3	7.7	25.8	32.4	43.7	212	2.1	1.8
07080400.RAP	1029	4.25	2983	15.6	-4.1	-30.9	6.2	7.1	18.3	22.7	35.8	270	0.7	0.9
05042200.SGF	387	4.25	2944	12.6	-13.3	-42.7	6.8	8.0	15.1	21.3	15.6	193	1.7	2.2
05042000.LBF	849	4.25	2460	10.1	-15.7	-43.9	8.9	7.8	16.6	15.3	22.3	255	1.4	2.9
05031400.JAN	101	4.25	1382	11.1	-15.7	-40.7	7.6	6.8	19.2	25.5	49.7	161	1.1	2.8
04081000.DNR	1625	4.25	3415	12.9	-9.1	-38.9	8.0	8.1	16.2	15.0	15.4	270	1.2	3.2
04071318.ILX	178	4.25	6811	22.1	-10.9	-36.3	7.9	6.8	15.5	18.7	21.9	131	3.6	2.6
04071300.LBF	849	4.25	7183	19.5	-7.3	-35.7	8.6	7.5	10.3	14.7	20.5	68	2.1	3.7
04071200.GGW	700	4.25	2390	11.0	-13.7	-41.1	8.6	7.5	17.1	22.3	32.0	99	1.7	1.9
04062200.AMA	1099	4.25	3828	13.8	-8.9	-36.5	8.0	7.4	17.8	26.2	40.5	141	2.3	2.3
04053000.OUN	357	4.25	4526	16.8	-7.5	-36.5	7.8	7.7	15.8	24.4	40.4	224	2.1	-999.0
04052200.AMA	1099	4.25	4265	13.7	-8.7	-36.3	7.9	7.4	13.6	21.5	23.9	176	2.0	2.1
04040400.MAF	872	4.25	2746	12.0	-14.7	-43.1	7.0	7.8	14.4	19.5	31.1	262	1.6	2.7
03051000.MHX	11	4.25	4373	17.1	-10.5	-35.1	7.3	6.6	14.1	22.7	23.2	146	2.5	2.1
03050518.BNA	210	4.25	2730	16.0	-12.9	-36.4	7.1	6.5	18.3	37.0	37.2	239	2.2	-999.0
03050500.SGF	387	4.25	5169	15.7	-13.5	-40.7	7.6	7.4	30.0	38.4	50.7	348	4.6	2.9
03040600.FWD	171	4.25	2487	12.4	-14.3	-41.7	7.3	7.5	17.1	31.5	51.8	341	2.1	2.9
01070300.LBF	849	4.25	5584	16.7	-8.7	-37.3	8.5	7.8	14.2	18.0	24.7	154	2.4	4.2
98063000.TOP	270	4.00	6490	21.8	-5.3	-30.5	7.2	6.6	18.1	24.4	32.6	230	2.0	1.7
98050800.FFC	244	4.00	4120	17.3	-12.3	-36.1	7.7	6.4	17.1	31.0	51.6	172	3.4	2.2
97082200.LBF	849	4.00	3974	15.7	-9.7	-35.9	7.4	7.1	17.4	26.4	37.5	321	2.4	3.3
96052300.LBF	847	4.00	2915	13.5	-11.1	-38.2	8.0	7.3	18.5	27.8	43.7	303	2.3	2.9
95102700.SGF	394	4.00	2166	12.5	-13.8	-41.6	6.9	7.6	25.7	21.9	29.4	267	1.3	1.6
95072600.DDC	791	4.00	5696	18.3	-10.1	-32.2	8.8	5.9	17.1	21.3	19.2	238	3.5	3.3
95072500.FTD	196	4.00	2897	15.4	-10.0	-30.5	9.2	5.5	12.8	19.1	19.8	168	1.7	-999.0
95051600.JAN	91	4.00	4861	17.9	-10.9	-37.6	7.8	7.2	8.6	14.9	18.5	-35	2.0	2.5
95050600.FTD	196	4.00	2036	15.1	-11.1	-34.7	7.1	6.4	20.8	21.2	37.5	304	1.1	0.6
93072300.HON	443	4.00	3720	15.7	-8.1	-37.4	6.0	7.8	15.4	19.1	22.5	130	1.1	1.5
93071600.RAP	966	4.00	3230	14.1	-7.5	-34.9	7.7	7.3	18.6	25.0	35.8	97	1.5	3.2
91041300.SEP	399	4.00	5008	16.9	-10.6	-40.5	6.8	8.1	12.2	21.8	27.4	137	2.6	3.4
90090200.RAP	966	4.00	1762	11.3	-7.4	-33.9	7.5	7.0	14.1	23.6	32.7	181	0.6	2.1
90070100.DAY	298	4.00	3541	16.6	-9.4	-33.6	7.1	6.5	8.6	19.9	24.5	154	1.5	1.8
90060900.TOP	268	4.00	5571	18.5	-10.1	-39.2	7.3	7.8	14.8	22.6	16.4	252	3.0	2.7
90051900.AMA	1095	4.00	2732	11.5	-9.3	-38.2	7.7	7.8	18.5	26.1	30.4	301	1.4	2.1
90051500.AMA	1095	4.00	4543	14.8	-9.9	-36.2	8.2	7.1	19.2	24.7	33.8	473	2.9	2.2
89071800.LBF	847	4.00	3622	15.4	-9.4	-35.6	8.1	7.0	22.9	38.9	37.6	361	2.4	2.9
89062700.DDC	791	4.00	2840	14.3	-8.4	-36.6	7.6	7.5	12.7	19.4	19.2	167	1.1	2.2
89061100.AMA	1095	4.00	3666	15.8	-8.7	-35.4	7.6	7.2	11.1	11.0	19.2	87	0.9	-999.0
06092221.SGF	387	4.00	5071	17.6	-6.7	-36.1	5.3	7.9	21.0	31.6	37.0	202	1.6	1.1
06071700.INL	361	4.00	3719	14.1	-11.1	-38.3	8.4	7.4	19.9	26.3	29.8	328	3.0	2.4
06050600.MAF	872	4.00	3533	12.4	-12.3	-40.1	8.2	7.5	19.3	33.6	48.0	174	2.8	2.0
04071318.DVN	229	4.00	6090	20.8	-11.1	-37.3	8.4	7.1	22.5	25.9	22.3	191	4.7	2.8
03050300.BMX	178	4.00	4593	15.2	-15.7	-40.1	7.9	6.7	8.1	32.4	30.5	51	5.0	2.9
02061300.DDC	790	4.00	6234	19.5	-6.9	-31.9	7.6	6.6	17.2	19.8	32.7	126	2.1	3.7
02042000.MAF	872	4.00	2974	12.9	-8.1	-36.7	6.9	7.6	19.0	24.3	41.7	133	1.2	2.5
95051900.BMX	178	3.75	3370	16.5	-9.9	-35.7	6.6	7.0	16.9	20.6	25.5	246	1.5	0.6
03040400.OUN	357	3.75	2640	11.9	-15.1	-42.7	7.3	7.6	13.4	24.0	23.9	187	2.0	2.3
99072600.LBF	849	3.65	4375	16.4	-6.7	-30.5	7.9	6.4	9.5	12.9	16.1	60	1.0	2.6
99050400.OUN	357	3.65	5195	15.6	-14.9	-44.1	8.4	8.0	16.5	21.3	22.0	343	4.5	4.7
99030600.LZK	165	3.65	1922	11.7	-18.5	-46.3	8.2	7.7	21.4	22.8	39.2	360	1.9	2.1
98052200.SGF	387	3.65	4719	17.1	-9.9	-36.5	7.8	7.2	13.8	22.4	23.1	232	2.6	2.3
98040800.ILX	178	3.65	1354	10.2	-19.7	-46.5	7.2	7.5	20.1	21.2	25.1	180	1.1	2.6
03062300.OAX	350	3.65	6203	18.7	-9.3	-36.9	8.6	7.5	12.3	13.6	22.9	237	2.2	4.2
02091900.OUN	357	3.65	4268	15.7	-6.1	-36.9	6.7	8.2	17.8	20.8	23.4	308	1.2	3.0
02062400.ABR	396	3.65	5093	17.2	-10.5	-35.7	8.2	6.8	16.9	26.3	30.9	187	3.7	3.5
02060500.RNK	654	3.65	5399	17.9	-9.7	-34.9	6.9	6.7	8.7	4.0	7.3	54	0.8	3.2
02051200.TOP	270	3.65	4489	15.8	-11.9	-38.9	8.1	7.3	13.7	26.0	26.5	224	3.6	3.3
02051100.MAF	872	3.65	4658	14.5	-9.3	-35.9	8.4	7.2	14.8	23.1	40.3	132	2.7	2.2
01072100.GGW	700	3.65	3114	13.5	-10.7	-38.5	7.7	7.5	15.8	28.3	30.5	354	2.2	2.8
01071800.ABR	396	3.65	5177	17.5	-9.9	-36.7	8.4	7.2	9.6	19.5	28.2	136	2.7	3.9
01062100.DDC	790	3.65	4428	15.2	-10.7	-37.5	7.8	7.3	13.4	19.0	25.2	400	2.3	3.2
01061400.DDC	790	3.65	5244	15.7	-8.9	-36.7	8.0	7.5	19.8	28.1	28.2	384	3.2	2.5
01052500.JAN	101	3.65	3446	13.5	-15.1	-42.5	7.5	7.5	17.4	21.8	31.4	240	2.7	2.7
01051800.AMA	1099	3.65	4695	13.9	-10.5	-38.9	8.6	7.7	16.1	13.2	22.8	86	1.8	2.1
01050700.SHV	79	3.65	2945	14.8	-12.5	-39.3	6.5	7.3	9.0	15.7	22.1	110	1.2	1.7
01050700.LZK	78	3.65	3512	14.7	-12.9	-40.5	5.9	7.5	7.3	18.7	26.3	77	1.6	3.4
01041500.DDC	790	3.65	3892	13.1	-18.3	-43.1	9.0	6.9	24.4	43.1	54.7	233	5.4	2.5
01040400.SGF	387	3.65	3277	12.8	-15.1	-43.1	8.3	7.7	17.2	22.4	28.9	310	2.8	3.1
98062000.OUN	357	3.50	6048	19.0	-7.1	-35.9	7.8	7.7	13.7	15.4	11.2	209	1.7	3.9
98052500.OUN	357	3.50	5688	18.0	-10.7	-39.7	8.1	7.8	9.9	21.9	28.7	172	3.5	4.2
98052100.TOP	270	3.50	4680	16.5	-12.5	-38.1	8.4	7.0	9.8	10.5	23.7	100	1.7	3.8
97062100.LBF	849	3.50	6058	17.3	-9.3	-35.7	8.8	7.2	13.9	23.1	25.1	129	3.7	3.7
96062000.OAX	350	3.50	4081	16.3	-9.8	-37.1	8.6	7.4	18.9	19.0	24.4	271	2.1	-999.0
90061900.BIS	504	3.50	1968	11.1	-13.5	-40.9	8.2	7.5	17.4	28.4	38.0	257	1.5	2.9
90060900.IAD	85	3.50	3994	17.2	-10.9	-35.5	7.1	6.7	18.3	23.7	20.0	203	2.4	0.9
90040600.SEP	399	3.50	3764	12.4	-14.9	-45.3	7.8	8.4	15.4	25.2	36.8	305	3.3	2.3
90031400.OUN	357	3.50	3950	14.6	-16.1	-39.5	7.2	6.4	12.3	20.2	49.4	169	3.0	2.9
89070300.STC	315	3.50	3556	15.6	-8.2	-35.9	7.0	7.4	8.5	15.8	21.4	128	1.1	1.4
02081200.DDC	790	3.50	3415	14.0	-8.7	-34.3	8.0	6.9	10.7	15.7	27.7	157	1.2	3.1
01061500.FWD	171	3.50	4260	17.3	-9.7	-33.7	7.9	6.5	11.1	15.1	9.7	74	1.6	2.2
01041000.SGF	387	3.50	3476	13.0	-14.5	-41.3	7.9	7.4	12.5	21.6	30.3	141	2.7	2.6
91060500.DDC	791	3.25	4631	16.9	-7.9	-35.5	6.5	7.4	11.0	15.3	15.4	74	1.2	3.5
06070200.GRB	214	3.25	3255	15.4	-9.3	-35.9	6.6	7.1	14.7	17.0	24.9	99	1.1	1.5
99060200.FWD	196	3.00	4928	17.3	-11.5	-37.3	8.8	7.0	15.3	15.0	30.3	171	2.4	4.5
98062900.TOP	270	3.00	6895	22.0	-7.7	-33.1	7.0	6.8	19.3	20.6	27.3	335	2.5	2.4
98062500.BIS	506	3.00	4591	15.5	-13.3	-41.3	8.1	7.7	15.5	15.9	15.4	89	2.5	3.0
98062500.ABR	396	3.00	4448	16.3	-13.7	-40.5	8.8	7.3	11.2	17.4	28.7	42	3.0	3.7
98061400.OAX	350	3.00	2830	13.3	-10.5	-39.5	7.7	7.9	15.3	24.4	45.4	219	1.8	3.4
98052400.DDC	790	3.00	2630	11.6	-12.9	-41.5	6.7	7.8	9.8	22.0	27.7	101	1.4	2.3
97061000.FWD	196	3.00	2699	15.6	-9.9	-34.9	7.0	6.7	10.9	18.7	24.1	98	1.1	1.3
97052600.OUN	357	3.00	5143	17.2	-7.7	-38.5	5.9	8.3	15.0	30.4	32.4	148	2.0	2.6
96070800.LBF	847	3.00	3341	15.3	-6.4	-32.5	7.0	6.9	20.6	30.0	41.5	390	1.3	2.2
96062012.LBF	847	3.00	3418	15.2	-8.6	-35.4	7.9	7.3	16.5	22.6	25.0	380	1.7	3.3
96061400.UNR	1037	3.00	3801	13.1	-11.0	-37.6	8.4	7.2	12.4	18.0	14.8	63	2.0	2.0
96052700.OUN	362	3.00	3034	15.2	-9.4	-36.2	6.9	7.2	22.5	29.8	33.6	330	1.7	2.0
96042000.ILX	178	3.00	2394	12.9	-14.6	-41.1	7.1	7.3	16.4	27.0	39.5	249	2.1	-999.0
96033100.SHV	84	3.00	2891	12.7	-17.1	-46.6	7.6	8.2	20.1	27.4	35.5	163	3.0	3.1
95082700.GGW	696	3.00	3094	11.7	-12.6	-38.7	8.3	7.1	13.6	26.8	41.0	162	2.4	1.7
95082300.INL	359	3.00	3023	15.4	-11.6	-36.2	8.0	6.7	25.4	30.9	26.5	694	2.5	2.1
95072400.DDC	791	3.00	3645	15.9	-9.9	-33.5	8.2	6.3	11.8	18.2	32.6	31	1.7	3.6
95071500.LBF	847	3.00	3052	14.4	-7.0	-32.9	6.5	6.9	13.9	15.9	24.7	159	0.7	2.1
95062300.LBF	847	3.00	2962	12.9	-11.1	-36.7	7.9	7.0	15.3	21.0	19.8	220	1.7	2.8
95043000.FTD	196	3.00	4416	15.0	-13.3	-43.2	8.1	8.2	15.6	21.9	31.7	166	3.4	3.4
95021400.PBI	6	3.00	2433	16.5	-11.0	-41.1	5.9	8.1	13.8	27.1	33.4	117	1.4	0.6
94060600.DDC	791	3.00	4882	14.8	-8.8	-37.2	8.7	7.6	13.1	15.6	18.6	248	1.9	2.1
94052600.FNT	236	3.00	2240	10.8	-16.3	-46.6	6.1	8.4	12.8	17.8	25.8	113	1.0	2.4
94032800.CKL	140	3.00	2066	15.3	-9.6	-33.7	6.3	6.4	30.5	38.6	36.3	429	1.1	0.6
93091900.DDC	824	3.00	1954	12.4	-10.4	-35.2	7.2	6.7	16.8	29.5	46.6	233	1.2	2.8
93091900.AMA	1094	3.00	1911	12.4	-9.0	-33.5	7.7	6.5	16.5	32.7	35.4	264	1.1	2.4
93082300.DDC	790	3.00	2608	13.3	-7.8	-33.0	7.7	6.8	13.1	19.5	27.0	83	1.0	2.0
93070900.OVN	487	3.00	5546	19.7	-6.8	-30.3	6.9	6.2	16.9	29.4	24.3	345	2.3	0.6
93070200.DDC	816	3.00	4895	17.1	-5.2	-33.2	7.2	7.4	13.3	16.4	21.4	237	1.0	2.8
93060600.HAT	4	3.00	4948	16.0	-13.5	-38.7	8.3	6.9	12.6	15.5	17.2	70	2.8	3.9
93050600.MAF	873	3.00	3784	13.9	-9.6	-37.2	7.2	7.4	18.6	27.0	25.4	149	2.3	2.5
92070500.OVN	400	3.00	5051	17.3	-9.3	-36.1	7.4	7.2	16.1	21.8	33.3	243	2.5	3.5
92062700.MAF	873	3.00	3224	13.9	-8.2	-32.9	7.7	6.6	13.0	23.7	38.8	253	1.6	2.5
92032600.TBW	13	3.00	2104	12.6	-14.0	-43.1	6.5	8.0	18.6	32.2	37.0	195	1.5	1.1
91052700.DDC	791	3.00	5493	17.0	-10.5	-38.1	8.4	7.4	13.3	21.7	29.3	81	3.4	2.9
91040912.1M1	172	3.00	3450	14.2	-15.2	-42.3	8.0	7.5	11.5	19.7	20.8	134	2.7	-999.0
91032700.TOP	268	3.00	2763	12.7	-12.3	-39.3	6.8	7.4	21.6	27.7	31.7	279	1.9	2.5
90052700.OUN	357	3.00	4621	17.5	-8.8	-37.3	7.6	7.7	20.4	23.8	25.1	255	2.4	3.2
90051500.OUN	357	3.00	4798	16.8	-10.7	-38.4	7.8	7.5	12.5	19.8	29.7	186	2.6	4.2
89060700.AMA	1095	3.00	4752	15.4	-9.5	-33.5	8.5	6.4	21.7	30.5	55.6	303	3.3	2.4
89060500.OUN	357	3.00	1640	12.5	-11.6	-39.9	7.0	7.7	8.8	15.7	23.9	53	0.6	0.7
72081200.YRM	988	3.00	1989	10.9	-14.2	-40.4	8.3	7.1	14.0	24.6	35.0	132	1.5	2.4
06052800.BIS	506	3.00	3434	12.5	-11.1	-38.7	8.1	7.5	10.5	11.3	12.7	74	1.0	1.8
06052700.BNA	210	3.00	3535	16.1	-8.3	-35.3	5.9	7.2	17.7	12.8	17.2	196	0.7	0.7
06052500.SGF	387	3.00	3470	15.6	-11.1	-37.1	7.6	7.0	13.6	14.3	7.3	162	1.4	2.0
06042500.OUN	357	3.00	4007	15.5	-12.3	-39.3	8.6	7.3	15.4	20.1	21.2	105	2.8	3.3
06042412.LMN	317	3.00	3248	14.1	-12.9	-39.7	8.2	7.3	16.6	25.4	28.7	413	2.8	3.2
04081000.DDC	790	3.00	3147	14.6	-9.7	-36.3	7.7	7.1	13.0	21.0	22.0	222	1.6	3.0
04070200.AMA	1099	3.00	5137	16.9	-8.1	-37.7	7.4	7.9	18.0	14.0	16.6	80	1.4	3.0
04052300.OAX	350	3.00	4333	15.6	-12.3	-40.7	7.6	7.8	19.6	32.4	28.9	289	3.6	3.0
04051700.DDC	790	3.00	2200	10.0	-11.9	-41.3	8.4	8.0	20.5	31.7	30.2	390	1.6	1.5
04042200.OUN	357	3.00	2363	12.2	-13.5	-39.5	7.0	7.1	16.9	24.3	33.8	385	1.6	2.7
04041900.OAX	350	3.00	3136	11.9	-15.1	-40.5	8.2	7.0	20.5	33.8	44.9	394	3.0	1.9
03062800.DDC	790	3.00	2329	11.4	-9.3	-38.9	6.7	8.0	10.8	16.9	26.8	138	0.7	2.2
03062400.LBF	849	3.00	6189	18.6	-8.7	-38.9	8.1	8.1	21.7	30.8	31.6	381	3.8	4.8
03050420.SGF	387	3.00	4524	15.8	-11.9	-40.7	7.1	7.8	25.2	35.4	47.9	480	3.3	3.2
03042100.SHV	79	3.00	2947	15.5	-13.5	-38.7	7.5	6.8	14.3	24.0	38.0	110	2.3	0.9
01090900.FWD	171	3.00	4304	17.1	-8.9	-35.7	8.2	7.1	7.7	14.1	12.0	97	1.4	2.7
01053000.AMA	1099	3.00	5827	16.4	-9.7	-38.5	8.2	7.7	25.0	26.1	29.7	268	3.9	2.8
01051900.LZK	78	3.00	4269	16.6	-12.5	-37.3	8.1	6.7	9.9	18.5	25.8	98	2.6	2.7
00080600.OAX	350	3.00	5525	19.0	-7.1	-33.1	7.5	6.9	9.4	15.0	22.8	56	1.4	3.1
00062900.MAF	872	3.00	3565	14.8	-6.3	-31.1	6.3	6.6	9.6	10.5	16.7	29	0.5	1.8
00050400.FWD	196	3.00	2731	13.2	-14.3	-40.3	6.3	7.1	19.0	21.7	28.5	327	1.7	3.0
99081800.LBF	849	2.75	5554	18.3	-8.9	-32.5	7.8	6.4	10.7	23.7	25.1	143	2.9	3.4
99070100.MAF	872	2.75	3989	13.7	-2.5	-33.9	7.5	8.3	10.5	14.9	13.7	146	0.8	2.0
99061900.DDC	790	2.75	4141	13.9	-11.3	-40.3	7.3	7.9	13.4	22.5	29.0	346	2.5	2.4
99061200.AMA	1099	2.75	4400	14.7	-10.3	-36.3	7.7	7.0	18.8	26.2	36.6	210	3.0	2.4
99060300.AMA	1099	2.75	5087	15.6	-10.3	-36.5	8.7	7.1	15.5	18.6	49.2	289	2.7	2.5
98061400.OUN	357	2.75	6689	20.5	-6.5	-32.5	7.7	6.9	17.9	32.8	42.7	262	2.9	4.0
98052500.DDC	790	2.75	2688	12.5	-12.1	-40.7	7.2	7.8	13.7	27.9	32.0	180	1.9	2.7
98040900.BMX	178	2.75	3341	15.8	-13.9	-39.5	7.9	7.0	25.9	40.1	51.5	296	3.2	2.0
97061600.DDC	790	2.75	3187	13.5	-10.9	-36.5	7.7	6.9	11.9	23.3	39.3	26	2.0	2.7
97061200.TOP	270	2.75	1552	12.6	-11.7	-38.7	7.1	7.3	11.6	23.5	30.2	141	0.9	0.9
97052700.SGF	387	2.75	4440	16.3	-9.9	-38.1	7.0	7.6	16.3	22.6	25.0	276	2.3	2.6
97052700.OUN	357	2.75	5907	18.0	-8.7	-37.7	6.4	7.8	17.6	17.5	23.9	271	1.9	3.7
97042100.SGF	387	2.75	1773	9.4	-16.5	-45.7	7.4	8.1	23.3	25.4	23.9	405	1.4	2.0
97041100.MAF	873	2.75	4076	11.9	-15.0	-45.9	8.2	8.5	20.8	23.7	30.7	260	3.3	2.1
97032900.BNA	180	2.75	1618	11.1	-15.6	-42.6	7.4	7.4	18.1	25.2	15.3	389	1.3	3.0
97012500.SIL	8	2.75	2563	13.0	-16.5	-46.0	7.5	8.2	18.3	18.3	25.8	145	1.8	2.8
96092100.FTD	196	2.75	2870	16.4	-9.4	-37.2	6.5	7.4	15.7	26.4	32.6	136	1.5	-999.0
96083000.DEN	1611	2.75	2478	11.7	-9.1	-36.2	7.8	7.3	17.6	26.2	28.9	86	1.3	2.3
96080100.DEN	1611	2.75	3920	13.5	-7.8	-34.9	8.5	7.3	15.0	22.6	26.3	276	1.9	2.1
96072400.DDC	791	2.75	3068	14.3	-11.1	-36.0	8.6	6.7	16.8	27.6	36.6	203	2.6	2.7
96062500.AMA	1095	2.75	3778	13.9	-9.4	-33.2	8.5	6.4	7.0	22.9	28.2	123	2.2	1.9
96061400.LBF	847	2.75	2384	12.4	-8.6	-36.2	6.5	7.4	12.0	15.4	25.0	102	0.6	2.2
96061300.FFC	246	2.75	2727	13.7	-9.1	-36.5	5.7	7.4	12.9	12.9	13.1	152	0.6	1.0
96061200.AMA	1095	2.75	3079	11.9	-8.8	-38.1	8.0	7.9	18.3	24.3	30.2	373	1.5	1.9
96060300.SGF	394	2.75	2739	11.7	-15.9	-42.2	7.1	7.2	14.8	26.4	35.9	90	2.3	2.1
96060200.JAN	91	2.75	1863	16.1	-7.5	-32.6	5.5	6.8	11.3	12.7	20.3	168	0.3	0.6
96060100.ABR	397	2.75	2276	12.6	-13.4	-40.4	6.2	7.4	24.6	22.4	27.2	370	1.3	2.2
96053000.MAF	873	2.75	3675	14.9	-7.0	-32.9	7.7	6.9	19.0	35.1	40.6	321	1.7	2.5
96052600.MAF	873	2.75	3464	14.1	-6.2	-36.5	7.7	8.1	22.5	28.7	42.1	240	1.4	2.9
96052500.AMA	1095	2.75	3927	13.5	-11.3	-36.6	9.1	6.9	16.4	20.3	4.9	101	2.6	1.9
96051800.OAX	350	2.75	4523	15.3	-11.1	-39.7	8.8	7.8	12.9	16.0	21.2	68	2.3	-999.0
96051700.UNR	1037	2.75	4365	14.8	-8.1	-37.0	8.0	7.8	15.0	25.5	28.7	219	2.3	2.5
96042200.TOP	268	2.75	1574	10.9	-16.6	-42.6	7.3	7.2	14.6	45.6	54.3	145	1.3	2.3
96042200.OUN	362	2.75	2260	12.7	-10.9	-36.6	5.9	7.0	18.5	38.3	48.8	500	1.2	2.3
96031600.FFC	246	2.75	890	9.6	-19.2	-39.7	7.8	5.7	20.5	28.8	55.2	353	0.9	2.2
95081800.BIS	503	2.75	5585	18.4	-7.0	-34.2	7.7	7.3	10.6	10.6	17.3	142	1.0	3.3
95072400.AMA	1095	2.75	2225	13.3	-7.8	-30.1	8.5	6.0	13.1	21.6	25.1	124	1.0	2.9
95071500.GRB	210	2.75	5409	19.0	-8.5	-30.8	8.1	5.9	8.0	12.1	9.0	69	1.5	3.0
95071200.OKX	20	2.75	2900	13.9	-15.6	-43.2	6.9	7.6	8.1	12.7	13.6	48	1.3	2.4
95070300.DDC	791	2.75	2905	14.2	-9.6	-38.9	6.8	7.9	12.3	18.2	21.4	111	1.1	2.3
95070300.AMA	1095	2.75	3838	14.7	-11.5	-36.5	8.8	6.8	8.2	22.8	29.0	115	2.9	2.5
95062800.LBF	847	2.75	2880	12.4	-10.1	-37.2	7.7	7.3	13.9	22.0	19.7	208	1.5	2.5
95062100.OKX	20	2.75	3918	17.1	-9.8	-34.9	7.1	6.7	11.4	18.4	25.8	18	1.6	1.0
95060300.AMA	1095	2.75	3024	12.4	-9.6	-36.5	8.2	7.2	15.7	22.4	37.2	346	1.6	2.0
95052200.LBF	847	2.75	2027	10.4	-14.9	-42.1	7.4	7.4	18.7	28.3	33.3	221	1.6	2.1
95051400.UMN	438	2.75	5278	16.5	-10.3	-38.0	6.9	7.5	22.3	28.0	26.2	211	3.3	3.2
95042000.FTD	196	2.75	2621	14.6	-13.3	-38.5	7.7	6.8	25.8	39.5	59.2	498	2.3	2.4
95040900.TOP	268	2.75	2836	10.7	-17.5	-44.5	9.2	7.5	16.5	21.4	31.9	120	2.6	1.9
94070700.HON	392	2.75	3051	16.5	-8.8	-35.7	7.2	7.2	10.2	20.5	18.6	159	1.3	0.6
94070200.OAX	350	2.75	5257	18.5	-10.1	-33.0	8.0	6.2	15.5	26.5	25.4	416	3.6	3.2
94070100.STC	315	2.75	3701	14.3	-11.6	-39.6	7.3	7.6	19.0	27.2	25.1	399	2.7	2.7
94062600.JAN	106	2.75	2842	16.1	-9.5	-35.0	6.4	6.8	12.4	24.0	32.8	130	1.3	0.9
94062500.HON	392	2.75	1962	11.8	-10.8	-39.7	6.4	7.8	15.4	27.8	33.5	211	1.0	2.2
94061900.JAN	91	2.75	3177	16.8	-7.5	-32.7	5.9	6.7	3.8	11.5	12.4	42	0.5	0.6
94061800.AMA	1095	2.75	2676	11.9	-7.0	-33.1	8.2	6.9	10.7	11.0	11.3	171	0.5	1.6
94061200.TOP	268	2.75	2320	13.9	-9.5	-36.5	6.6	7.3	15.8	23.9	24.4	117	1.1	0.9
94061200.AMA	1095	2.75	4015	14.7	-8.0	-33.7	7.8	6.9	18.4	26.7	19.9	302	2.2	2.7
94061100.AMA	1095	2.75	2164	12.3	-8.3	-36.1	7.3	7.5	16.6	19.5	20.3	229	0.7	2.8
94060600.TOP	268	2.75	3953	16.5	-9.3	-35.1	8.1	6.9	15.4	16.1	27.7	394	1.5	2.5
94060500.HON	392	2.75	3871	14.2	-11.6	-38.7	8.5	7.4	12.0	21.4	19.2	202	2.6	2.4
94053000.SEP	399	2.75	5032	17.5	-10.6	-36.6	8.2	7.0	16.1	27.0	23.8	291	3.8	3.9
94052500.OUN	362	2.75	3912	15.0	-11.5	-38.1	7.4	7.2	13.2	22.0	36.2	122	2.4	3.0
94041100.UMN	438	2.75	2040	12.6	-16.5	-41.0	7.6	6.7	19.9	37.8	45.4	486	2.1	2.5
94012700.GGG	124	2.75	2167	13.2	-15.9	-42.4	6.8	7.3	17.5	31.0	32.3	306	2.0	0.7
93102000.DRT	313	2.75	3433	15.5	-8.9	-36.3	6.4	7.4	13.4	25.4	34.0	35	1.6	1.6
93101900.GGG	124	2.75	3105	15.7	-9.8	-36.9	6.9	7.3	10.3	23.5	33.9	105	1.6	0.7
93101300.CRP	14	2.75	4367	17.3	-8.6	-37.2	6.3	7.7	14.8	20.2	29.8	227	1.5	1.5
93090400.IAD	85	2.75	2779	15.6	-5.9	-32.6	5.7	7.1	12.4	15.2	15.6	149	0.5	0.6
93070700.DDC	790	2.75	5334	17.0	-6.0	-36.1	7.2	8.0	16.5	27.9	28.2	154	2.0	3.1
93070700.AMA	1094	2.75	5327	17.0	-4.7	-32.2	7.8	7.3	11.4	21.3	20.0	127	1.6	3.8
93070500.DDC	790	2.75	4186	17.1	-5.4	-31.1	6.7	6.8	16.6	30.6	34.9	146	1.3	1.2
93062400.LBF	849	2.75	3944	16.0	-8.6	-37.5	8.1	7.7	18.1	21.9	33.8	178	2.0	2.8
93062400.DEN	1611	2.75	3442	11.7	-9.6	-38.0	8.8	7.8	15.8	32.0	42.3	211	2.2	1.8
93061900.AMA	1094	2.75	2140	12.8	-7.8	-33.2	7.0	6.7	14.4	22.7	23.3	146	0.8	1.9
93051600.DDC	790	2.75	3614	12.8	-9.8	-40.4	6.6	8.3	12.6	19.4	23.7	161	1.4	2.5
93050600.AMA	1094	2.75	4478	13.2	-13.6	-38.2	8.6	6.7	16.6	34.6	38.4	340	4.5	2.0
93050100.AMA	1095	2.75	4085	11.6	-14.5	-42.9	8.1	7.8	15.3	25.7	15.8	234	3.4	1.9
93042900.MAF	873	2.75	2435	11.7	-10.9	-36.0	7.1	6.8	20.8	29.3	37.4	551	1.4	2.2
93042800.MAF	873	2.75	1494	10.4	-10.6	-38.7	6.9	7.6	12.9	19.6	25.8	150	0.6	1.8
93042500.UMN	438	2.75	2317	11.4	-14.6	-42.2	6.9	7.6	18.2	25.2	33.1	198	1.6	2.4
93042000.GGG	168	2.75	2342	12.4	-13.3	-42.9	8.0	8.1	17.5	26.7	28.4	156	2.0	2.7
93040200.WAL	13	2.75	1625	10.9	-18.5	-46.2	7.3	7.7	26.8	30.7	48.4	200	1.5	2.4
93033100.UMN	440	2.75	2598	11.1	-16.5	-43.6	6.4	7.5	19.7	29.7	28.9	117	2.0	2.1
93033100.1M1	204	2.75	2471	11.9	-15.1	-43.9	7.2	8.0	17.8	30.2	27.1	54	2.1	2.8
92101600.SEP	399	2.75	3654	14.6	-12.1	-37.5	7.7	6.9	12.6	16.4	22.7	227	1.8	2.9
92073000.LBF	847	2.75	3544	15.0	-10.3	-38.2	7.9	7.5	22.0	25.7	33.8	335	2.4	3.0
92062700.AMA	1095	2.75	3165	14.1	-10.0	-34.2	7.7	6.5	12.4	16.6	29.9	191	1.3	2.9
92061900.DDC	791	2.75	2598	12.8	-8.3	-34.7	7.9	7.1	15.7	25.1	40.5	114	1.3	2.7
92061900.BIS	504	2.75	1791	11.0	-14.4	-39.4	6.9	6.9	13.0	27.4	24.4	106	1.3	2.5
92061300.AMA	1095	2.75	2821	14.7	-8.8	-34.4	7.2	6.9	12.0	19.1	36.4	165	1.1	2.7
92061200.MAF	873	2.75	2387	13.8	-8.2	-32.3	7.4	6.4	13.3	26.7	34.6	178	1.3	2.0
92060500.AMA	1095	2.75	2870	13.4	-9.4	-37.0	7.5	7.4	12.2	17.5	25.9	249	1.1	2.6
92030600.1M1	172	2.75	2572	11.5	-21.1	-44.4	7.2	6.5	17.3	22.5	26.7	194	2.4	2.3
92021500.UMN	438	2.75	1724	10.2	-16.9	-44.0	6.4	7.5	24.2	33.2	28.2	289	1.3	2.2
91072200.HON	392	2.75	4474	19.3	-6.8	-31.8	7.2	6.7	11.1	17.3	24.1	198	1.2	-999.0
91070500.GGW	696	2.75	2308	11.4	-9.9	-38.5	7.0	7.7	6.7	17.5	23.9	144	0.8	2.2
91070500.BIS	504	2.75	2941	13.3	-9.3	-37.6	6.4	7.6	19.3	21.4	26.6	206	1.2	2.4
91062000.HON	392	2.75	2691	13.9	-10.5	-37.0	7.0	7.2	16.1	22.1	20.0	282	1.4	1.2
91061900.LBF	847	2.75	3600	13.0	-12.0	-40.0	8.6	7.6	13.5	15.2	20.9	219	1.7	2.6
91061500.GRB	210	2.75	3430	17.6	-8.7	-32.3	6.7	6.3	21.7	13.9	17.0	161	0.9	0.6
91061500.BIS	504	2.75	2379	13.0	-11.9	-35.8	6.6	6.5	13.2	22.5	25.2	152	1.3	2.6
91060500.OVN	400	2.75	2813	14.6	-10.1	-31.5	6.5	5.7	8.4	17.1	19.6	177	1.0	3.1
91053000.RAP	966	2.75	2814	10.9	-15.7	-43.2	8.1	7.6	13.0	14.5	28.4	159	1.4	2.0
91053000.OVN	400	2.75	4446	16.8	-10.2	-36.3	6.8	7.0	14.3	18.2	19.0	31	1.8	2.7
91052500.AMA	1095	2.75	3416	13.7	-10.5	-37.1	7.0	7.2	17.0	17.4	13.8	124	1.4	2.5
91051800.UMN	438	2.75	3444	15.1	-11.0	-34.2	7.4	6.2	9.4	11.9	21.0	59	1.1	1.2
91051700.UMN	438	2.75	3299	15.9	-10.6	-35.6	7.6	6.7	14.4	16.1	11.8	174	1.4	1.9
91051200.RAP	966	2.75	4430	14.1	-11.0	-39.1	7.9	7.6	26.6	23.5	33.5	437	2.9	2.5
91051100.AMA	1095	2.75	5629	15.6	-10.7	-37.8	9.0	7.3	14.5	16.5	21.5	314	2.9	2.5
91042800.GGG	124	2.75	4554	18.9	-10.5	-37.7	7.2	7.3	15.4	29.5	19.6	140	3.0	2.2
91042700.OUN	357	2.75	4751	16.6	-11.5	-41.7	7.0	8.2	20.6	23.6	26.4	376	2.9	3.7
91042700.GGG	124	2.75	5164	18.9	-10.7	-38.1	8.2	7.5	12.4	18.9	27.6	209	2.8	2.7
91041300.OUN	357	2.75	4063	14.1	-13.7	-42.3	8.0	7.8	17.1	22.0	25.1	205	3.2	2.9
91040300.OUN	357	2.75	1560	10.1	-19.8	-43.3	7.3	6.6	15.1	22.6	41.7	275	1.3	1.5
91032700.DDC	791	2.75	3132	12.4	-14.2	-40.5	8.2	7.2	18.9	40.7	44.0	160	2.9	2.1
91032200.UMN	438	2.75	2632	11.5	-15.3	-44.0	7.0	7.9	18.8	33.0	35.3	371	2.1	2.5
90090600.STC	315	2.75	4899	19.5	-6.8	-33.9	6.2	7.2	14.7	21.0	17.1	294	1.4	1.0
90082800.SSM	221	2.75	5115	18.2	-8.5	-36.7	6.2	7.5	20.5	31.6	29.9	334	2.4	1.1
90081100.LBF	847	2.75	3971	14.8	-9.0	-36.8	7.5	7.5	14.3	25.6	21.5	282	2.2	2.9
90070700.BIS	504	2.75	3274	14.9	-7.5	-34.7	6.9	7.3	12.9	19.0	25.7	316	1.0	2.2
90070300.BIS	504	2.75	6982	21.3	-6.3	-31.9	8.2	6.8	14.9	23.0	29.6	172	2.7	4.6
90061900.LBF	847	2.75	7070	19.2	-6.1	-35.5	8.4	7.9	18.5	30.2	38.1	266	3.2	3.6
90060200.STC	315	2.75	2697	13.4	-13.3	-39.7	8.5	7.2	10.4	18.6	17.2	132	1.8	2.2
90060200.LBF	847	2.75	3719	13.6	-10.8	-39.9	7.9	7.9	16.4	15.6	29.4	89	1.6	2.4
90053100.GGG	124	2.75	4743	19.3	-5.7	-33.3	6.1	7.3	21.5	27.2	25.7	317	1.4	0.7
90052000.OUN	357	2.75	4565	15.3	-10.8	-39.0	7.1	7.6	12.1	13.7	14.7	94	1.6	3.1
90051900.LBF	847	2.75	3954	12.1	-13.9	-42.1	8.6	7.8	16.2	25.1	24.6	398	3.4	2.0
90051700.GGG	124	2.75	3234	17.5	-8.3	-36.2	7.2	7.4	17.6	24.7	35.1	304	1.5	0.6
90050100.AHN	246	2.75	4557	14.9	-12.6	-41.5	7.7	7.9	19.7	14.7	9.3	92	2.1	3.4
90042800.GGG	124	2.75	2263	12.9	-14.9	-41.0	6.6	7.1	12.8	14.1	25.3	84	1.0	2.8
90041700.OUN	357	2.75	3717	13.6	-15.0	-44.3	8.3	8.1	17.2	11.5	20.5	152	1.7	3.8
90031400.PIA	200	2.75	2115	12.4	-14.4	-41.2	6.9	7.4	15.3	18.1	24.1	206	1.1	2.6
90021600.JAN	91	2.75	2047	15.2	-10.9	-40.4	6.6	8.0	18.9	20.9	34.6	124	1.0	-999.0
89090400.LBF	847	2.75	4599	17.3	-8.6	-36.0	8.3	7.3	8.6	29.6	38.8	223	2.9	3.3
89082900.STC	315	2.75	1959	14.6	-10.0	-35.2	6.8	6.8	18.0	26.3	44.7	147	1.1	1.1
89082200.STC	315	2.75	3346	16.2	-11.1	-35.6	6.9	6.7	11.9	20.6	30.6	173	1.7	1.2
89082200.OMA	400	2.75	4223	17.9	-8.3	-30.9	7.0	6.0	15.0	22.2	45.4	138	1.8	0.9
89082200.HON	392	2.75	4160	15.6	-9.4	-38.2	6.9	7.8	14.8	22.9	28.9	107	2.0	3.3
89081600.AMA	1095	2.75	2669	12.8	-7.1	-34.8	6.9	7.4	10.5	17.0	24.9	158	0.7	2.5
89062600.RAP	966	2.75	2246	11.5	-13.8	-40.7	7.8	7.4	20.0	31.3	30.4	301	1.8	2.6
89061300.AMA	1095	2.75	3611	14.4	-10.8	-36.6	8.1	7.0	9.9	15.8	22.1	79	1.6	3.0
89060300.TOP	268	2.75	2623	13.7	-12.6	-38.3	7.0	7.0	12.4	19.5	39.7	118	1.5	2.0
89060300.MAF	873	2.75	2291	11.9	-8.4	-34.6	7.6	7.0	13.3	19.3	32.2	147	0.8	2.2
89060200.MAF	873	2.75	3193	14.1	-10.4	-34.9	7.9	6.6	8.5	24.5	27.4	104	2.1	2.8
58042200.FWH	180	2.75	3338	13.3	-16.1	-39.0	7.8	6.3	25.5	37.0	49.4	276	3.6	2.4
07021400.BMX	178	2.75	1032	9.9	-19.1	-44.7	7.0	7.1	19.5	20.7	36.3	245	0.7	2.4
06082600.DDC	790	2.75	3488	16.5	-5.5	-31.7	6.5	6.9	17.6	20.2	26.5	141	0.8	0.8
06081000.BIS	506	2.75	2589	13.0	-8.9	-35.7	7.5	7.2	8.8	19.1	18.8	147	1.0	2.6
06062200.DDC	790	2.75	2406	12.7	-8.7	-34.9	8.1	7.0	11.0	21.1	24.9	175	1.1	2.4
06050800.MAF	872	2.75	2440	11.9	-12.5	-36.9	8.0	6.6	22.1	33.3	51.2	327	1.9	2.3
06050718.CHS	15	2.75	2580	12.9	-12.5	-40.1	6.0	7.5	15.9	17.7	18.8	177	1.1	2.0
06050500.MAF	872	2.75	3709	11.5	-12.1	-42.7	8.1	8.4	21.7	27.6	34.4	372	2.7	1.7
06050300.DRT	313	2.75	3549	13.7	-12.1	-37.1	8.5	6.8	5.1	14.2	19.0	74	1.7	2.1
06042000.BMX	178	2.75	2242	13.1	-11.9	-37.1	7.1	6.8	11.3	21.7	27.0	122	1.3	2.1
06041400.DVN	229	2.75	1524	11.2	-15.7	-35.1	8.3	5.6	15.8	30.6	30.3	263	1.4	3.4
06031218.TOP	270	2.75	2814	12.6	-17.9	-44.3	8.5	7.3	33.9	44.8	54.9	723	3.5	2.7
05092300.ILX	178	2.75	1858	14.1	-8.1	-33.3	6.9	6.7	11.5	21.5	16.8	121	0.7	0.8
05051000.FWD	171	2.75	4841	15.5	-11.5	-42.1	6.7	8.3	9.5	18.0	25.9	152	2.2	2.9
05042300.JAN	101	2.75	2558	13.6	-14.7	-39.7	7.1	6.9	19.9	28.5	34.1	183	2.3	2.7
05042100.DDC	790	2.75	4722	13.2	-15.3	-43.5	8.6	7.7	15.2	16.1	14.9	174	3.1	2.1
05041800.AMA	1099	2.75	1767	9.4	-17.3	-43.3	8.7	7.2	15.5	19.6	22.9	211	1.4	1.9
05022200.FFC	244	2.75	1389	11.4	-16.3	-43.1	7.0	7.4	20.7	28.5	35.4	225	1.2	1.7
04070500.DDC	790	2.75	3819	14.3	-10.3	-37.7	8.3	7.4	14.4	18.6	30.5	161	2.0	2.5
04060300.FWD	171	2.75	4767	16.9	-11.1	-36.5	8.7	6.9	14.1	19.1	24.1	157	2.9	-999.0
04053000.TOP	270	2.75	3882	15.9	-12.9	-39.3	8.7	7.1	14.8	22.4	15.3	295	3.2	3.2
04051300.OUN	357	2.75	5740	16.8	-11.5	-40.5	8.2	7.9	12.4	15.2	20.9	131	2.7	3.6
04051223.LMN	317	2.75	4076	15.9	-10.5	-40.3	7.4	8.1	21.9	22.7	30.4	304	2.3	2.4
04051100.DNR	1625	2.75	3995	10.6	-12.9	-41.1	9.2	7.8	18.2	28.3	16.6	379	3.4	1.5
04050600.WAL	12	2.75	1861	9.3	-21.3	-47.5	7.2	7.4	21.3	20.2	28.3	239	1.5	1.4
04040500.CRP	13	2.75	2478	14.9	-12.1	-39.1	6.7	7.3	7.0	22.4	20.6	184	1.5	0.6
04032800.OUN	357	2.75	2904	12.6	-15.9	-44.3	7.8	7.8	16.4	23.3	31.1	315	2.5	2.8
04032718.DDC	790	2.75	4133	13.2	-17.3	-42.1	8.0	6.9	14.4	24.6	26.6	143	4.4	2.3
03100600.AMA	1099	2.75	2542	12.2	-10.3	-39.3	6.4	7.8	12.9	24.1	30.2	50	1.2	2.5
03091100.MAF	872	2.75	2808	13.3	-6.5	-32.5	6.8	6.9	7.4	10.3	9.0	80	0.4	1.4
03091000.DDC	790	2.75	3620	14.8	-7.7	-34.7	7.5	7.2	11.3	12.1	15.8	233	0.8	3.0
03061400.AMA	1099	2.75	3153	12.3	-13.3	-39.3	8.3	7.1	13.7	21.7	24.7	35	2.2	2.1
03060500.AMA	1099	2.75	2647	11.9	-11.9	-36.9	7.6	6.8	13.1	23.0	28.5	167	1.5	2.1
03051700.SHV	79	2.75	3995	16.3	-10.9	-37.3	7.4	7.2	19.6	23.2	13.9	242	2.4	2.7
03051600.AMA	1099	2.75	3706	14.1	-10.3	-37.5	8.9	7.4	34.9	42.9	37.7	632	3.0	-999.0
03051400.SHV	79	2.75	3920	16.7	-9.5	-38.5	7.2	7.8	19.3	27.2	37.0	389	2.3	0.8
03051000.OUN	357	2.75	5328	16.8	-11.1	-38.1	8.3	7.3	16.8	27.5	34.8	182	4.3	3.6
03050700.FWD	171	2.75	5303	17.8	-9.7	-37.7	7.1	7.5	8.4	30.4	36.2	126	3.2	3.5
03050618.SGF	387	2.75	5492	15.6	-14.7	-43.9	7.7	8.0	17.8	32.0	40.6	313	5.5	2.8
03050100.TOP	270	2.75	3922	13.0	-14.1	-43.5	7.8	8.1	13.9	17.2	19.6	117	2.3	2.7
03042900.SGF	387	2.75	3399	13.1	-16.7	-43.3	8.5	7.3	4.8	5.0	19.6	53	1.1	2.8
03042600.BMX	178	2.75	3921	14.2	-13.3	-41.1	6.2	7.6	26.6	35.8	33.5	89	2.8	2.7
03042500.LZK	78	2.75	3423	13.8	-15.7	-43.1	7.6	7.6	20.0	20.9	31.0	212	2.8	3.3
03040618.LZK	78	2.75	2556	13.1	-15.9	-41.3	7.6	7.0	28.4	35.1	38.9	600	2.6	3.1
03031300.SHV	79	2.75	2901	13.5	-15.3	-43.1	7.1	7.7	11.0	17.1	24.1	162	1.7	2.0
02081200.LBF	849	2.75	3735	13.3	-9.9	-37.1	8.7	7.3	10.5	13.1	11.8	222	1.3	2.1
02072700.TOP	270	2.75	6406	19.3	-5.3	-32.5	6.9	7.1	9.1	18.2	19.3	131	1.4	2.6
02072000.TOP	270	2.75	4986	17.5	-7.5	-32.9	7.3	6.8	8.5	10.0	12.7	197	0.9	2.7
02062500.ABR	396	2.75	4208	15.1	-7.1	-37.7	6.8	8.2	11.1	19.1	19.3	20	1.3	3.1
02062400.BIS	506	2.75	3559	16.0	-9.7	-34.1	6.8	6.6	25.2	28.0	24.8	298	2.1	2.4
02061300.AMA	1099	2.75	3027	13.7	-8.5	-31.9	8.4	6.3	18.7	29.6	33.0	65	1.9	2.5
02060500.AMA	1099	2.75	2947	13.2	-11.5	-38.3	7.6	7.3	17.9	32.1	45.0	309	2.2	2.7
02052400.AMA	1099	2.75	4729	13.8	-13.3	-39.9	8.3	7.2	18.5	28.8	21.8	258	4.5	2.3
02051800.DRT	313	2.75	5077	16.0	-10.5	-37.1	8.1	7.2	5.2	8.8	6.3	15	1.2	2.6
01112418.BMX	178	2.75	2902	15.1	-11.3	-39.7	6.1	7.7	22.2	26.9	31.9	328	1.7	0.8
01072500.GGW	700	2.75	1714	11.5	-11.3	-36.3	6.9	6.8	18.2	26.7	32.1	350	1.0	2.2
01071900.BIS	506	2.75	5738	17.8	-9.9	-36.1	8.6	7.1	14.1	21.8	28.8	183	3.4	2.9
01071900.ABR	396	2.75	5356	17.5	-10.5	-35.1	8.8	6.6	3.4	18.1	22.7	35	2.9	2.7
01071800.INL	361	2.75	4580	17.0	-12.9	-37.7	7.8	6.7	11.8	11.9	12.8	154	1.8	0.8
01070100.RAP	1029	2.75	3235	14.3	-10.7	-35.7	7.7	6.8	12.9	30.8	40.7	114	2.3	2.6
01061900.MPX	287	2.75	5114	15.6	-11.9	-39.3	9.2	7.5	19.0	33.1	31.9	154	4.9	3.4
01061700.TOP	270	2.75	4594	15.7	-13.7	-41.9	8.5	7.8	15.7	22.1	26.6	214	3.8	3.4
01061700.LMN	317	2.75	4093	14.1	-10.7	-37.9	8.0	7.3	9.3	19.4	26.9	195	2.2	3.5
01061400.OAX	350	2.75	4956	17.2	-11.3	-38.5	9.0	7.4	18.5	20.4	25.5	153	3.3	3.8
01061000.ABR	396	2.75	3453	13.8	-12.1	-39.9	7.8	7.5	16.6	24.6	32.3	158	2.6	3.6
01060800.DNR	1625	2.75	3440	13.9	-8.7	-36.7	7.2	7.6	7.4	25.3	21.9	-26	1.8	3.1
01060600.AMA	1099	2.75	4665	14.9	-8.9	-36.7	7.2	7.5	11.9	15.8	15.6	191	1.5	2.3
01052500.FFC	244	2.75	2338	11.7	-14.5	-43.1	6.4	7.9	19.6	18.1	21.4	240	1.1	2.5
01050620.LMN	317	2.75	4496	15.4	-16.1	-43.1	7.3	7.5	7.3	11.5	20.9	60	2.0	3.1
01042100.OAX	350	2.75	3283	12.4	-15.3	-43.1	7.7	7.7	23.5	28.1	32.7	282	3.1	2.4
01040400.LZK	78	2.75	4223	15.2	-15.1	-42.1	8.5	7.4	11.9	18.1	24.8	105	3.2	3.1
00121618.BMX	178	2.75	2219	13.2	-14.1	-42.7	6.7	7.9	25.0	32.9	45.8	266	1.8	0.9
00072700.OAX	350	2.75	5048	18.5	-9.7	-35.3	8.0	6.9	16.7	21.8	23.2	215	2.8	2.6
00072500.LBF	849	2.75	5901	17.1	-8.9	-38.1	8.5	7.8	22.2	24.5	29.4	162	3.5	2.9
00072100.LBF	849	2.75	3073	15.3	-11.3	-37.5	7.8	7.1	16.9	26.5	39.4	223	2.3	2.0
00071700.MHX	11	2.75	2929	15.1	-12.3	-36.1	7.2	6.4	7.9	18.2	29.9	81	1.5	2.3
00071000.LBF	849	2.75	5871	18.1	-5.5	-32.5	7.8	7.2	10.7	14.3	19.9	146	1.2	3.5
00071000.GGW	700	2.75	3180	15.6	-10.9	-35.1	7.0	6.5	23.2	18.4	13.5	248	1.5	2.6
00062000.LBF	849	2.75	4028	14.9	-8.5	-37.9	6.8	7.9	11.9	18.8	23.9	96	1.4	3.0
00061400.AMA	1099	2.75	5758	16.5	-4.9	-34.9	7.6	7.9	19.9	23.8	32.0	244	1.8	2.5
00061200.BIS	506	2.75	2000	11.3	-13.1	-39.9	7.5	7.4	10.2	22.0	28.0	306	1.2	2.5
00052700.OUN	357	2.75	5870	18.3	-10.1	-37.9	8.4	7.5	12.8	21.5	32.8	117	3.5	4.0
00051300.DTX	329	2.75	4524	16.9	-8.5	-37.3	7.7	7.7	20.2	24.1	18.5	328	2.3	2.4
00022500.AMA	1099	2.75	3614	10.3	-18.5	-46.1	8.5	7.7	13.1	26.8	48.5	107	4.0	1.7
98071100.DDC	790	2.50	4323	18.9	-4.3	-29.9	6.2	6.8	16.0	12.7	15.2	230	0.6	0.6
96072200.LBF	847	2.50	4756	18.4	-6.5	-34.7	7.2	7.5	19.0	20.0	29.4	94	1.4	2.1
96071900.GRB	210	2.50	4746	20.7	-7.5	-31.3	6.4	6.3	20.0	26.3	26.2	164	1.9	0.7
96062100.DEN	1611	2.50	5603	15.2	-8.1	-36.1	9.6	7.6	8.8	27.5	33.4	155	3.8	2.2
96061200.LBF	847	2.50	2310	11.7	-9.9	-37.5	7.5	7.4	12.7	16.7	22.2	122	0.8	2.4
96060300.AMA	1095	2.50	2356	11.0	-10.5	-39.7	6.9	7.9	18.0	27.6	31.6	256	1.2	2.0
96060100.DDC	791	2.50	2888	13.3	-10.9	-38.5	8.3	7.4	13.9	13.3	19.3	111	1.1	2.5
96051800.MPX	287	2.50	4406	16.3	-8.9	-38.5	8.2	8.0	20.7	13.0	23.4	259	1.4	3.4
96042200.FTD	196	2.50	1872	12.0	-12.6	-38.7	8.2	7.1	18.3	27.1	34.0	298	1.5	-999.0
96030700.TLH	26	2.50	2615	15.4	-10.4	-39.0	6.0	7.7	20.7	20.9	23.7	320	1.1	0.6
95081212.MPX	287	2.50	3361	19.1	-6.3	-31.3	7.2	6.7	23.0	20.6	36.8	164	1.0	-999.0
95061600.TFX	1130	2.50	3142	13.0	-12.0	-37.7	8.4	7.0	23.8	27.7	35.6	277	2.7	2.3
95060700.DEN	1611	2.50	3137	12.3	-10.8	-35.7	9.2	6.8	20.7	37.2	35.9	284	2.4	2.0
95052912.MAF	873	2.50	1617	13.0	-11.3	-37.2	7.5	7.0	13.7	27.6	22.0	284	1.1	1.9
95051900.GSO	277	2.50	1758	13.4	-11.8	-35.2	7.9	6.3	23.6	25.3	27.1	83	1.3	-999.0
95051600.MAF	873	2.50	3261	13.6	-7.8	-34.0	8.4	7.1	10.3	21.7	28.8	134	1.5	1.8
95050900.TOP	268	2.50	1495	10.0	-19.3	-39.2	6.9	5.6	21.2	19.3	22.8	126	1.0	1.2
95050800.LCH	5	2.50	3259	17.9	-9.9	-35.6	7.1	6.9	10.2	16.7	31.1	119	1.2	0.6
95050800.FTD	196	2.50	2700	16.5	-10.4	-38.9	7.7	7.7	24.5	30.8	30.8	407	1.9	0.8
94062600.TOP	268	2.50	4265	16.4	-8.6	-35.2	8.4	7.1	21.6	25.2	45.9	418	2.5	2.9
94032800.AHN	246	2.50	2627	14.4	-10.5	-35.7	6.2	6.8	30.4	34.5	24.7	518	1.5	0.7
93070300.TOP	270	2.50	4019	18.5	-7.2	-31.5	7.1	6.5	15.2	15.8	16.4	202	1.0	0.7
93070200.HON	392	2.50	2619	14.6	-11.3	-39.6	7.0	7.7	12.6	28.3	40.3	143	1.8	0.8
93061400.TOP	270	2.50	4195	16.5	-8.5	-35.1	7.7	7.1	10.7	12.5	17.8	65	1.1	2.8
93033000.DRT	314	2.50	2680	12.7	-13.4	-39.4	8.2	7.1	26.0	39.6	44.0	411	2.4	2.8
92070200.DEN	1611	2.50	2313	11.7	-11.2	-35.2	8.0	6.5	20.0	27.6	29.9	362	1.6	2.5
92041600.AMA	1095	2.50	3362	11.1	-13.4	-40.9	7.6	7.5	12.0	16.0	17.8	127	1.5	1.7
92030400.SEP	399	2.50	2676	12.7	-15.3	-44.8	7.7	8.1	9.2	20.1	27.2	133	1.9	2.3
91080200.CAR	191	2.50	1891	12.3	-13.7	-41.6	6.3	7.6	11.9	19.6	33.3	223	0.9	1.8
91071800.STC	315	2.50	4956	18.2	-8.7	-32.0	7.3	6.3	21.9	18.7	20.1	104	1.9	2.5
91053100.DEN	1611	2.50	3551	12.0	-12.1	-39.1	9.5	7.4	10.7	27.3	45.8	149	3.1	1.9
91052700.LBF	847	2.50	2669	11.9	-13.4	-38.4	7.9	6.8	13.0	13.9	32.3	35	1.1	2.1
91051200.AMA	1095	2.50	4539	14.3	-10.8	-37.8	8.5	7.3	16.7	12.4	14.9	208	1.7	2.3
91050800.MAF	873	2.50	3415	11.2	-14.8	-41.4	8.4	7.3	25.4	31.1	36.7	280	3.1	1.6
91042100.AYS	44	2.50	2563	11.8	-16.9	-41.9	7.4	6.9	10.3	13.4	30.0	76	1.2	1.7
91041900.SEP	399	2.50	5996	17.6	-13.2	-38.3	7.4	6.8	13.0	13.5	44.8	24	2.6	3.1
90083100.CHS	13	2.50	2477	16.0	-8.5	-33.3	6.5	6.6	8.3	17.0	17.7	67	0.8	0.6
90070200.GSO	277	2.50	3963	14.8	-10.0	-35.9	7.2	7.0	10.7	26.0	16.3	100	2.4	2.2
90062200.ALB	86	2.50	1833	12.6	-14.1	-41.8	6.7	7.6	20.6	32.5	29.1	203	1.4	1.6
90061500.DDC	791	2.50	4667	16.0	-6.5	-35.9	7.9	7.8	15.7	28.4	30.1	306	2.1	2.7
90060700.DEN	1611	2.50	2393	10.9	-8.2	-36.5	9.0	7.6	19.6	26.3	23.9	170	1.2	1.6
90060300.PAH	126	2.50	3663	17.8	-7.6	-36.2	7.0	7.6	29.8	24.0	25.9	367	1.5	0.6
08110600.OUN	357	2.50	1623	11.4	-12.5	-39.9	6.9	7.5	24.8	29.8	32.7	317	1.0	2.4
06071123.LMN	317	2.50	2996	16.5	-5.9	-29.5	6.7	6.2	9.4	12.6	11.2	110	0.5	0.6
06062500.DNR	1625	2.50	987	7.1	-11.5	-38.9	8.9	7.4	12.5	26.1	26.5	-172	0.7	0.9
06061400.RAP	1029	2.50	2691	11.5	-7.7	-35.5	8.3	7.5	15.3	17.3	24.5	248	0.8	1.6
06052600.SGF	387	2.50	3409	13.9	-9.5	-39.1	6.5	8.0	18.8	18.9	23.2	262	1.3	2.5
06050900.JAN	101	2.50	3303	16.1	-13.3	-38.7	7.3	6.9	14.9	28.4	39.9	170	2.8	1.9
05050700.MAF	872	2.50	3257	10.7	-12.3	-41.3	8.0	7.9	11.2	20.3	24.6	48	1.7	1.6
05050322.XMR	3	2.50	2165	13.4	-13.9	-38.9	7.6	6.8	21.5	23.3	41.5	82	1.7	1.2
04102400.JAN	101	2.50	1938	15.8	-6.9	-33.5	5.3	7.1	19.3	30.8	27.8	328	0.6	0.6
04091500.LBF	849	2.50	1474	12.8	-10.7	-38.3	8.0	7.4	20.5	35.4	39.8	306	1.0	-999.0
04080700.ABR	396	2.50	2792	13.1	-9.3	-36.7	6.7	7.4	12.1	21.0	25.9	240	1.1	2.5
04040400.EPZ	1252	2.50	4482	12.1	-17.9	-46.3	8.2	7.9	11.6	29.1	25.4	203	5.1	2.1
04032718.OUN	357	2.50	2825	12.6	-14.9	-42.3	7.3	7.6	11.5	21.1	32.3	199	2.0	2.1
03062200.RAP	1029	2.50	3380	10.6	-13.7	-39.5	8.0	7.1	18.7	27.5	42.2	189	2.6	1.5
03051500.SHV	79	2.50	4260	16.8	-9.9	-36.1	6.8	7.1	16.3	33.7	42.9	246	2.5	0.8
02072500.ABR	396	2.50	3995	15.0	-11.5	-38.9	7.9	7.5	13.8	28.3	28.6	207	3.2	3.0
02051700.AMA	1099	2.50	5036	13.8	-12.7	-40.5	8.7	7.6	17.4	21.9	26.5	216	3.9	2.2
02041900.DVN	229	2.50	2861	12.3	-14.5	-39.9	8.2	7.0	15.9	14.1	20.0	213	1.4	2.5
02041212.AMA	1099	2.50	2907	12.2	-13.7	-42.7	7.5	7.9	14.6	20.4	25.1	184	1.8	2.8
02040300.JAX	9	2.50	3327	14.8	-14.3	-41.7	7.2	7.4	11.8	11.5	30.9	80	1.3	1.5
01101000.DDC	790	2.50	3299	12.9	-9.7	-40.3	6.4	8.3	16.4	18.8	18.3	275	1.2	2.5
01082400.AMA	1099	2.50	4318	15.4	-6.7	-34.3	7.4	7.4	21.0	24.0	28.1	158	1.7	2.8
01070500.LBF	849	2.50	3571	14.5	-7.7	-36.3	7.7	7.6	17.1	26.0	27.0	313	1.8	2.9
01070400.RAP	1029	2.50	3145	13.2	-11.1	-37.9	8.3	7.3	12.9	25.2	26.1	144	2.3	2.6
01052620.LMN	317	2.50	4355	14.1	-13.5	-40.9	6.4	7.5	20.2	27.3	33.2	233	3.3	2.9
01052500.BMX	178	2.50	2388	11.9	-14.9	-43.1	6.7	7.7	23.5	29.2	27.4	436	1.8	2.7
01050400.MAF	872	2.50	3866	13.7	-11.3	-36.7	7.2	6.9	11.4	12.8	33.8	101	1.3	2.7
01050100.OAX	350	2.50	2265	10.4	-16.9	-44.5	7.7	7.7	19.2	17.4	17.0	226	1.3	2.2
01042200.DDC	790	2.50	3749	13.3	-12.1	-41.1	7.3	7.9	24.2	33.4	45.3	510	2.8	2.7
01041700.MAF	872	2.50	4552	13.9	-12.1	-39.1	7.5	7.3	8.0	16.2	30.6	100	2.2	2.2
00091100.MPX	287	2.50	4554	16.6	-10.3	-39.5	7.0	7.9	18.4	22.0	24.0	271	2.4	3.2
00080500.BIS	506	2.50	4830	17.0	-8.7	-35.1	6.9	7.2	4.0	17.2	22.9	86	1.6	3.3
00070600.LBF	849	2.50	5506	18.2	-7.1	-32.3	8.3	6.6	11.8	25.3	35.5	155	2.6	3.5
00070200.ABR	396	2.50	5952	17.8	-10.3	-38.1	8.4	7.5	8.1	12.2	23.4	147	2.0	3.9
00062400.OAX	350	2.50	4783	17.5	-8.7	-35.5	7.2	7.2	14.9	18.7	28.2	195	1.8	2.3
00061000.RAP	966	2.50	3610	13.2	-8.1	-37.9	7.8	8.0	11.9	14.3	21.1	70	1.0	2.1
00052300.MHX	11	2.50	3613	15.1	-13.5	-41.7	6.5	7.7	10.5	15.3	26.5	79	1.6	2.4
00051200.DVN	229	2.50	4865	15.6	-8.1	-39.3	7.4	8.4	19.3	24.8	24.9	225	2.3	3.4
00050100.FWD	196	2.50	3593	14.3	-13.1	-41.5	7.2	7.8	19.0	17.3	18.5	401	1.9	1.7
00032700.SGF	387	2.50	1766	9.8	-18.3	-45.1	7.5	7.4	21.4	34.3	43.9	350	1.7	2.2
00021400.LZK	165	2.50	2091	10.7	-20.3	-45.7	6.4	7.1	22.2	21.1	24.5	245	1.5	2.1
00061300.OAX	350	2.25	5453	17.7	-11.5	-38.7	8.5	7.3	12.9	15.8	19.3	206	2.7	4.0
99053100.TOP	270	2.00	2215	13.1	-10.9	-39.7	6.8	7.8	14.7	18.6	12.2	189	1.0	1.4
99050400.DRT	307	2.00	5609	17.4	-10.1	-40.7	7.5	8.3	21.2	40.5	38.9	342	3.7	4.6
98063000.BUF	215	2.00	2615	14.5	-10.5	-38.3	6.1	7.5	8.5	23.6	28.2	86	1.3	1.7
98062500.APX	448	2.00	3453	15.8	-11.3	-34.3	7.3	6.2	21.9	28.9	35.4	348	2.5	3.3
98033100.FWD	196	2.00	2873	13.3	-14.3	-40.7	7.2	7.2	17.6	29.6	57.5	93	2.5	2.9
90091400.STC	315	2.00	2123	13.1	-10.9	-38.5	7.4	7.5	23.2	27.8	39.0	564	1.4	-999.0
90072600.TBW	13	2.00	4330	18.4	-6.3	-31.8	5.7	6.8	6.3	3.5	8.5	7	0.4	0.6
90061400.PIA	200	2.00	3570	18.1	-7.0	-32.9	7.0	6.9	9.5	16.5	23.4	134	0.9	0.6
90060900.PIT	360	2.00	4095	16.7	-9.5	-35.8	6.7	7.0	18.8	18.1	13.6	236	1.5	1.0
89103000.OUN	357	2.00	2163	12.5	-14.7	-42.6	6.6	7.6	13.1	18.0	18.1	195	1.1	1.6
89082100.LBF	847	2.00	3307	14.8	-9.1	-35.7	7.1	7.1	8.0	28.0	44.7	83	1.9	3.0
89071100.HON	392	2.00	3126	15.7	-7.0	-31.9	6.9	6.6	12.3	14.6	18.6	151	0.7	1.2
89052800.ELP	1199	2.00	2569	11.2	-6.8	-34.2	8.0	7.3	14.9	11.3	17.1	232	0.4	1.4
06090100.DDC	790	2.00	1972	12.2	-7.7	-34.9	7.1	7.2	13.9	15.6	27.4	363	0.5	1.6
06062700.ILX	178	2.00	2025	12.2	-15.7	-43.1	6.4	7.6	5.2	3.5	11.7	15	0.4	1.2
06061400.TFX	1131	2.00	2827	12.3	-9.7	-36.9	8.1	7.3	14.3	15.9	28.9	65	1.0	2.1
06052400.DDC	790	2.00	1607	10.2	-8.7	-36.9	7.6	7.6	17.0	22.4	19.3	189	0.6	1.8
06051600.MFL	5	2.00	2473	15.8	-11.1	-35.3	6.8	6.6	18.7	26.6	21.2	227	1.6	0.6
06050800.DDC	790	2.00	1674	9.5	-17.1	-43.7	8.9	7.4	16.1	16.8	27.8	248	1.1	2.6
06041600.TOP	270	2.00	2191	12.2	-12.9	-37.7	8.2	6.7	28.5	37.2	42.6	533	1.8	2.9
06040700.TOP	270	2.00	2249	11.0	-15.1	-41.9	7.4	7.4	15.8	35.7	27.3	206	1.8	2.1
05050900.LMN	317	2.00	2971	12.0	-16.1	-42.3	7.8	7.2	15.9	15.1	29.6	290	1.6	2.2
05050700.LBF	849	2.00	3058	9.7	-14.3	-42.7	8.2	7.9	6.1	12.5	21.7	135	1.2	1.4
05022100.SGF	387	2.00	1128	9.1	-18.9	-48.7	6.8	8.3	17.1	27.7	36.6	97	1.0	1.9
04091200.GRB	214	2.00	2256	12.3	-14.9	-39.7	7.2	6.8	11.6	14.7	24.8	64	1.0	1.0
04082400.BIS	506	2.00	2596	13.4	-11.1	-36.5	7.6	6.9	16.4	21.3	22.3	208	1.5	2.2
04072300.TOP	270	2.00	3276	16.0	-7.7	-31.5	6.4	6.3	11.4	15.8	19.6	158	0.8	0.7
04062400.GRB	214	2.00	1604	10.4	-16.9	-45.3	6.3	7.9	16.4	25.3	36.9	128	1.1	2.4
04052200.DDC	790	2.00	3809	13.5	-9.7	-37.9	8.1	7.6	20.3	21.0	27.0	297	2.0	2.2
04043000.JAN	101	2.00	1469	13.6	-12.7	-38.7	6.5	7.0	18.1	27.4	22.8	184	1.1	0.6
03051900.TBW	13	2.00	3797	17.1	-10.9	-35.3	6.8	6.6	4.0	5.9	5.0	-4	0.6	1.0
02062600.MPX	287	2.00	6228	19.6	-9.7	-37.1	7.1	7.4	9.2	18.6	21.8	120	2.6	3.2
02061300.DVN	229	2.00	3501	17.3	-11.9	-35.7	7.4	6.5	10.0	26.3	38.7	100	2.6	1.1
02052800.LZK	78	2.00	3284	15.1	-12.3	-37.7	6.5	6.9	2.6	4.4	12.3	13	0.6	0.6
02041800.OAX	350	2.00	2113	11.4	-14.5	-43.5	7.6	8.0	24.0	33.9	35.5	376	1.7	2.2
01101000.OUN	357	2.00	3485	15.6	-12.9	-39.9	7.9	7.3	23.9	24.4	28.2	447	2.8	2.5
01090800.TOP	270	2.00	4174	17.8	-11.3	-34.9	8.1	6.4	24.5	26.2	26.7	274	3.2	1.7
01090800.OUN	357	2.00	4351	17.6	-8.7	-33.7	7.8	6.7	21.8	26.1	21.2	151	2.5	2.3
01082400.DDC	790	2.00	4283	16.4	-7.5	-33.9	7.7	7.0	11.9	14.7	16.3	77	1.2	3.1
01082300.TOP	270	2.00	4361	16.7	-9.7	-33.7	7.6	6.5	13.6	9.9	23.0	192	1.0	2.3
01072000.RAP	1029	2.00	4486	15.1	-8.7	-35.5	8.4	7.2	10.9	15.4	26.3	71	1.6	2.4
01071300.GGW	700	2.00	3042	14.5	-10.1	-36.3	8.1	7.1	7.9	16.5	34.2	19	1.3	3.5
01063000.FWD	171	2.00	4122	16.8	-9.7	-36.7	6.9	7.3	9.2	11.2	19.2	133	1.0	1.6
01062100.DNR	1625	2.00	2544	10.8	-11.5	-39.3	7.5	7.5	20.5	21.4	23.2	192	1.2	2.1
01053100.LCH	10	2.00	3988	17.4	-8.3	-37.7	7.0	7.9	0.8	8.3	13.9	8	0.6	2.4
01053100.FWD	171	2.00	4571	15.8	-12.3	-40.5	8.7	7.7	13.7	12.4	20.6	106	2.0	3.9
01053000.DDC	790	2.00	2892	15.2	-12.1	-35.1	8.0	6.2	14.8	19.5	26.6	388	1.8	1.8
01052800.OUN	357	2.00	4910	16.5	-10.7	-40.3	7.6	8.0	16.9	29.7	38.8	113	3.5	3.1
01052700.DDC	790	2.00	2853	11.3	-12.1	-40.1	6.7	7.6	19.3	30.6	37.1	184	1.7	1.8
01051200.OUN	357	2.00	3098	13.2	-13.9	-40.5	7.1	7.3	8.7	10.0	10.8	132	1.0	2.1
01050702.LZK	78	2.00	2759	14.2	-12.9	-40.5	5.9	7.5	7.3	18.7	26.3	77	1.3	2.0
01050700.SGF	387	2.00	4025	14.5	-13.7	-42.3	6.1	7.9	10.5	8.8	17.0	202	1.0	3.1
01050600.FWD	171	2.00	3092	15.4	-12.7	-38.7	6.8	7.1	19.4	32.7	34.4	170	2.3	2.1
01042200.MAF	872	2.00	4543	13.7	-12.3	-39.7	8.4	7.5	12.3	27.4	36.2	164	4.1	2.2
01042200.AMA	1099	2.00	6059	14.1	-15.3	-41.1	9.2	5.4	16.6	35.7	38.3	320	7.4	3.3
00072300.LBF	849	2.00	2926	13.2	-11.5	-38.1	7.1	7.2	13.6	25.2	27.3	91	1.9	2.8
00071500.BIS	506	2.00	5132	16.5	-9.5	-35.1	8.1	6.9	14.6	27.6	34.1	152	3.4	2.7
00071100.GGW	700	2.00	3230	14.2	-11.3	-38.9	6.9	7.5	16.9	30.1	48.1	88	2.2	3.0
00061500.JAX	9	2.00	4801	17.9	-8.7	-34.3	6.4	6.9	3.6	6.2	13.3	55	0.6	1.1
00061300.LBF	849	2.00	4790	13.9	-9.9	-37.9	8.3	7.5	9.9	16.6	18.6	159	2.1	2.0
00061200.AMA	1099	2.00	5720	16.8	-10.3	-34.7	8.3	6.6	15.7	16.1	28.7	88	2.6	2.7
00032800.JAX	9	2.00	2135	12.5	-14.5	-43.3	6.3	7.9	25.7	29.1	24.7	268	1.6	0.9
00031600.LMN	317	2.00	1478	9.5	-17.3	-45.5	7.1	7.8	12.9	22.1	10.9	164	1.0	2.2
00030300.FWD	196	2.00	2589	12.3	-14.3	-41.7	6.2	7.5	20.2	33.4	29.1	239	1.8	2.7
98062500.FFC	244	1.75	3224	15.8	-8.9	-34.3	7.3	6.8	5.6	4.2	9.9	54	0.5	0.6
97100900.OUN	357	1.75	3628	16.5	-7.5	-35.9	6.0	7.5	16.6	20.0	29.9	205	1.1	0.8
94071700.HAT	4	1.75	2973	16.5	-6.0	-31.3	5.7	6.7	4.4	5.9	3.1	33	0.2	0.6
94071700.1M1	172	1.75	3339	17.7	-6.4	-31.8	5.8	6.7	19.1	12.5	11.3	164	0.5	0.6
94070100.1M1	172	1.75	4820	18.6	-8.1	-33.0	6.1	6.7	12.6	20.0	18.5	342	1.5	1.0
94062600.PBI	6	1.75	4199	17.7	-9.1	-34.2	6.6	6.7	5.2	4.9	6.6	10	0.6	1.8
92051500.1M1	172	1.75	2877	13.3	-11.3	-39.9	6.4	7.8	7.9	11.4	16.3	54	0.7	1.5
91060600.RAP	966	1.75	2001	13.1	-11.5	-36.7	7.1	6.8	11.9	13.2	19.7	170	0.7	1.4
91060600.JAN	91	1.75	3344	16.3	-9.1	-33.5	6.8	6.5	3.1	9.5	9.6	12	0.6	0.6
91053100.AHN	246	1.75	3505	16.3	-6.9	-32.1	5.9	6.7	3.2	3.9	4.1	15	0.3	0.6
91051700.GGG	124	1.75	5081	18.4	-10.4	-36.4	7.5	7.0	10.5	7.9	11.2	157	1.0	0.9
91051300.HON	392	1.75	3615	14.7	-9.5	-38.2	7.2	7.7	13.0	14.2	22.7	97	1.1	2.8
91051300.BIS	504	1.75	1867	13.8	-11.5	-36.7	6.8	6.8	15.8	26.9	19.8	-79	1.3	0.7
91032700.DAY	298	1.75	1310	10.7	-13.1	-42.1	6.4	7.9	24.3	30.2	30.6	531	0.8	1.8
90091100.AHN	246	1.75	2857	15.1	-8.6	-34.0	5.9	6.8	6.3	7.9	7.6	80	0.4	0.6
90090200.MAF	873	1.75	3597	14.9	-6.2	-32.1	6.8	6.8	7.5	17.2	18.3	58	0.8	2.5
90082600.HON	392	1.75	5529	17.9	-11.5	-38.5	9.1	7.4	9.9	14.7	28.6	156	2.7	-999.0
90082600.BIS	504	1.75	3187	13.7	-13.2	-42.0	8.6	7.9	13.2	22.2	23.1	190	2.6	2.5
90082400.OVN	400	1.75	5016	18.7	-7.4	-31.7	6.8	6.5	9.4	7.4	14.7	100	0.6	0.7
90082100.AMA	1095	1.75	2833	14.6	-5.7	-30.1	6.6	6.5	10.6	11.7	11.3	75	0.4	1.2
90081500.DDC	791	1.75	3012	15.1	-6.6	-32.5	5.6	6.9	9.9	9.0	15.8	59	0.3	0.6
90081000.AHN	246	1.75	2234	14.9	-9.4	-35.2	6.2	6.9	6.4	13.3	26.7	33	0.6	0.8
90080200.LCH	5	1.75	3223	18.4	-7.3	-32.2	6.4	6.6	3.1	6.5	2.0	14	0.3	0.6
90073100.GGG	124	1.75	3254	16.1	-7.5	-31.9	6.4	6.5	1.2	7.9	5.4	3	0.4	0.6
90072700.AMA	1095	1.75	3104	14.3	-5.8	-31.4	7.3	6.8	11.1	7.7	7.9	117	0.3	2.2
90072600.OUN	357	1.75	3546	16.6	-6.8	-32.6	6.2	6.8	11.1	10.8	14.7	206	0.5	0.7
90072100.ABQ	1619	1.75	1327	10.9	-5.9	-28.5	8.3	6.1	9.8	7.9	14.5	145	0.1	1.3
90071800.LBF	847	1.75	3138	12.3	-7.7	-36.8	8.2	7.8	10.0	17.7	16.6	115	1.0	1.6
90071700.FNT	236	1.75	1393	11.9	-12.5	-40.9	6.5	7.7	13.2	15.5	25.3	176	0.5	0.6
90071400.ABQ	1619	1.75	1588	10.4	-9.4	-32.2	8.7	6.2	4.4	18.9	32.6	70	0.6	1.2
90071300.CRP	12	1.75	1658	13.3	-6.5	-31.6	6.5	6.7	14.6	12.8	9.3	121	0.3	0.6
90071100.CKL	145	1.75	2544	15.4	-8.1	-32.3	6.4	6.4	2.1	5.1	4.6	9	0.3	0.6
90070900.GRB	210	1.75	2962	16.9	-6.5	-31.5	6.5	6.6	12.1	18.2	22.7	82	0.7	0.6
90070500.LCH	5	1.75	3315	17.6	-8.5	-32.0	6.6	6.3	11.6	15.3	2.5	58	0.9	0.6
90061800.PIA	200	1.75	4567	19.5	-8.1	-33.4	7.4	6.7	14.1	17.0	25.7	94	1.5	1.0
90061300.STC	315	1.75	2789	16.2	-10.4	-33.4	7.2	6.2	14.2	36.6	42.0	139	1.8	0.7
90061100.CHS	13	1.75	4050	17.7	-8.1	-33.2	6.6	6.7	6.4	8.1	19.1	102	0.6	0.6
90061000.OUN	357	1.75	3242	15.1	-8.5	-33.0	7.8	6.6	10.9	10.1	1.3	21	0.7	2.5
90061000.IAD	85	1.75	2818	14.9	-9.2	-34.3	6.5	6.7	18.0	16.4	19.3	175	0.9	0.6
90052800.SIL	8	1.75	3916	18.0	-10.0	-34.5	6.8	6.6	10.4	19.3	10.6	48	1.7	0.8
90052300.HON	392	1.75	1984	10.9	-14.0	-42.8	7.2	7.9	15.0	22.3	33.6	107	1.2	2.4
90052100.UMN	438	1.75	3661	14.8	-13.1	-43.5	7.6	8.3	15.3	15.4	23.7	181	1.8	3.4
90052100.HAT	4	1.75	2891	15.8	-9.7	-37.4	5.6	7.5	12.4	13.8	19.5	182	0.7	0.6
90051900.SEP	399	1.75	3246	17.0	-9.1	-34.7	6.6	6.8	15.6	20.9	27.2	387	1.3	0.6
90051600.IAD	85	1.75	2004	13.4	-14.0	-39.9	7.0	7.1	12.7	16.7	27.7	102	1.0	-999.0
90051200.SEP	399	1.75	2282	13.6	-9.2	-37.7	6.9	7.7	14.5	34.8	47.4	134	1.3	-999.0
90050600.OUN	357	1.75	836	7.6	-20.1	-41.8	7.2	6.0	5.8	18.3	48.8	30	0.6	1.4
90042900.AYS	44	1.75	2333	13.0	-12.2	-40.9	6.2	7.8	19.1	30.6	23.2	243	1.5	2.3
90042600.DRT	314	1.75	3699	14.6	-13.8	-39.4	8.1	7.0	11.1	25.7	33.2	101	3.4	4.3
90042200.OUN	357	1.75	2748	11.1	-13.3	-46.8	6.6	9.3	7.3	12.2	14.9	48	0.8	2.0
90040200.BRO	7	1.75	3494	16.2	-9.3	-36.7	7.1	7.4	15.2	25.7	37.2	65	1.9	0.9
90031300.OUN	357	1.75	3211	12.7	-13.6	-43.5	7.8	8.2	19.4	24.2	18.1	286	2.5	2.8
90031000.AMA	1095	1.75	2468	11.1	-16.0	-40.7	8.6	6.8	9.9	13.1	18.2	106	1.2	1.9
90022800.MAF	873	1.75	607	9.7	-16.2	-42.9	6.6	7.4	5.1	16.4	23.8	55	0.3	1.2
89090800.DEN	1611	1.75	1350	10.1	-6.8	-33.1	8.3	7.1	15.4	24.1	24.0	366	0.5	2.0
89090200.1M1	172	1.75	3818	18.3	-4.8	-29.4	6.1	6.5	8.2	16.2	14.1	64	0.7	0.6
89083100.DDC	791	1.75	2956	16.5	-5.7	-31.4	6.6	6.9	13.3	13.6	22.5	346	0.5	0.8
89083000.OUN	357	1.75	3864	17.3	-5.6	-30.2	6.0	6.5	11.8	13.1	24.2	112	0.6	0.6
89082900.TOP	268	1.75	4842	19.8	-6.3	-32.1	6.6	6.8	13.2	15.4	21.1	156	1.0	0.6
89082800.UMN	438	1.75	3603	17.3	-6.1	-30.3	6.5	6.4	2.6	7.8	5.6	28	0.4	0.6
89082700.OMA	400	1.75	3452	17.8	-6.6	-33.4	6.1	7.1	15.2	19.5	33.1	142	0.9	0.6
89082500.RAP	966	1.75	1899	10.6	-7.1	-34.2	7.6	7.2	2.7	7.7	7.6	55	0.2	1.0
89081300.TBW	13	1.75	2617	16.4	-8.6	-33.3	6.0	6.6	10.1	18.1	18.2	65	0.8	0.6
89080600.UMN	438	1.75	5563	19.0	-6.9	-31.4	7.0	6.5	8.8	11.7	11.3	99	1.0	0.8
89073000.JAN	91	1.75	3940	18.0	-7.7	-34.5	6.7	7.2	2.1	1.9	3.1	9	0.5	0.6
89072900.HON	392	1.75	2092	14.0	-5.9	-34.4	6.0	7.6	6.4	12.0	17.9	105	0.3	0.8
89071500.LBF	847	1.75	2675	14.3	-6.9	-33.4	6.1	7.0	5.5	6.1	8.4	27	0.3	0.6
89071300.OUN	357	1.75	4127	19.0	-5.4	-31.1	6.9	6.8	13.0	13.8	19.1	196	0.7	-999.0
89071300.DDC	791	1.75	3239	15.1	-4.9	-31.6	6.9	7.1	7.9	5.1	7.2	81	0.3	1.2
89070800.PIT	360	1.75	2732	15.4	-9.1	-36.1	6.8	7.3	12.8	17.5	15.7	81	1.0	1.5
89062800.BUF	218	1.75	2385	15.2	-8.2	-33.3	5.3	6.8	9.8	20.1	22.3	82	0.7	0.6
89062700.PIA	200	1.75	2460	15.7	-7.9	-33.9	6.6	6.9	5.3	13.2	12.4	87	0.5	0.7
89062600.IAD	85	1.75	3138	16.2	-8.6	-36.4	6.1	7.4	12.1	14.3	23.0	108	0.8	0.7
89062200.AHN	246	1.75	1517	15.5	-7.6	-33.7	5.8	6.9	14.9	12.6	15.8	112	0.3	0.6
89061900.BNA	180	1.75	1755	13.9	-10.2	-36.1	6.3	6.9	6.8	9.7	7.8	86	0.4	0.6
89061400.GGG	124	1.75	3674	17.2	-11.0	-35.3	6.9	6.6	4.3	15.4	23.3	61	1.4	-999.0
89060600.JAN	91	1.75	3336	16.3	-11.3	-37.4	6.7	7.0	10.4	20.8	25.3	103	1.7	0.8
89060600.GSO	277	1.75	2078	14.8	-9.1	-34.5	5.9	6.8	10.0	8.1	6.7	93	0.3	0.6
89060100.TOP	268	1.75	2810	15.8	-10.9	-35.3	7.9	6.6	7.9	10.6	26.9	90	0.8	-999.0
06100400.MPX	287	1.75	3011	13.7	-12.1	-41.5	7.4	8.1	23.9	34.0	30.2	514	2.4	2.9
06091600.DDC	790	1.75	2738	14.4	-6.9	-34.5	6.6	7.4	21.6	29.7	39.0	378	1.1	2.2
06091400.EPZ	1252	1.75	1589	11.7	-10.3	-32.9	7.6	6.1	13.1	17.4	23.7	167	0.6	2.0
06091100.AMA	1099	1.75	1812	12.5	-8.9	-37.1	7.1	7.6	13.7	14.9	33.3	51	0.5	2.1
06082300.RAP	1029	1.75	1757	8.3	-9.5	-39.1	9.1	8.0	12.7	21.3	28.7	108	0.8	0.8
06082100.ABR	396	1.75	1851	12.5	-9.9	-36.9	6.8	7.3	15.5	21.9	39.5	257	0.8	2.1
06080900.TUS	779	1.75	1640	11.9	-4.7	-30.5	6.6	6.8	6.6	5.1	8.2	25	0.1	0.6
06080700.TOP	270	1.75	1693	12.5	-6.7	-31.1	7.0	6.4	3.2	7.6	6.8	35	0.2	0.6
06072600.TUS	779	1.75	1725	11.2	-5.7	-31.7	7.4	7.0	8.5	15.0	18.3	36	0.3	0.9
06072200.LZK	78	1.75	2480	14.1	-8.1	-31.3	7.3	6.2	7.7	6.9	5.8	67	0.3	0.6
06071900.JAN	101	1.75	2280	15.2	-6.9	-33.5	6.5	7.1	9.0	11.1	11.1	88	0.4	0.6
06071300.DDC	790	1.75	1575	12.8	-5.9	-30.5	6.9	6.5	7.4	12.7	13.7	99	0.2	0.8
06071200.DDC	790	1.75	1068	11.8	-8.7	-29.3	8.0	5.5	11.8	15.4	21.8	12	0.3	1.0
06070100.BNA	210	1.75	2750	13.5	-11.5	-39.1	6.7	7.5	11.5	10.8	7.8	41	0.7	1.5
06062900.DDC	790	1.75	919	7.7	-10.1	-38.7	7.7	7.7	1.9	17.9	17.9	16	0.3	0.8
06062400.LBF	849	1.75	1400	10.7	-12.1	-38.5	7.4	7.2	13.6	26.6	25.0	272	0.9	2.1
06062400.BIS	506	1.75	942	8.3	-15.3	-41.9	7.0	7.3	16.7	22.7	27.2	167	0.6	1.6
06062100.CHS	15	1.75	4007	17.0	-10.1	-35.5	6.4	6.9	7.1	12.9	19.3	66	1.1	0.7
06061800.FWD	171	1.75	2286	14.3	-10.9	-34.3	8.2	6.2	11.6	13.9	24.6	134	0.9	2.3
06052700.GSO	270	1.75	2136	12.7	-9.9	-37.3	5.8	7.4	17.1	17.4	21.2	217	0.6	1.5
06052500.TLH	53	1.75	2619	14.8	-10.5	-36.5	6.4	7.0	9.2	7.3	7.5	56	0.4	0.6
06052300.SGF	387	1.75	3032	14.4	-11.9	-37.7	7.1	7.0	8.3	9.0	15.5	91	0.7	1.6
06051800.ILX	178	1.75	713	8.0	-17.5	-46.5	6.9	8.1	16.9	28.8	29.6	226	0.6	2.1
06051412.SHV	79	1.75	2270	12.4	-14.9	-41.3	7.8	7.2	15.5	16.8	26.2	84	1.3	2.8
06051100.LCH	10	1.75	4564	18.5	-12.3	-35.7	8.9	6.4	12.2	22.9	22.0	38	3.7	1.7
06050912.SGF	387	1.75	2144	12.9	-12.9	-39.7	6.7	7.3	10.1	20.3	18.4	144	1.2	1.8
06050900.DDC	790	1.75	1630	9.6	-13.3	-40.5	7.9	7.4	15.1	27.2	27.8	179	1.2	2.0
06050600.LCH	10	1.75	2655	14.9	-10.3	-39.3	5.8	7.8	15.8	23.1	25.2	64	1.2	0.6
06050400.SHV	79	1.75	3310	15.0	-12.1	-39.1	6.7	7.3	5.8	8.0	14.3	85	0.7	0.6
06042300.DTX	329	1.75	609	6.7	-24.1	-43.7	7.4	5.5	14.0	17.7	27.4	50	0.5	1.8
06041900.BMX	178	1.75	1805	12.0	-11.1	-39.9	6.3	7.7	5.4	14.2	22.0	62	0.5	0.7
06041600.WAL	12	1.75	2234	10.9	-16.5	-44.7	7.2	7.8	17.2	17.7	48.2	81	1.2	2.3
06041600.IAD	93	1.75	2181	10.2	-16.7	-43.9	7.0	7.5	16.6	27.7	43.3	48	1.8	1.8
06041300.LZK	78	1.75	1294	11.0	-13.5	-41.1	7.2	7.6	6.0	12.6	20.8	34	0.4	-999.0
06040900.JAX	9	1.75	2254	13.6	-13.7	-38.1	6.6	6.6	19.5	20.4	22.0	178	1.3	2.1
06040400.CHS	15	1.75	2165	11.6	-16.9	-42.5	8.1	7.0	26.6	31.6	39.3	207	2.2	2.6
05082700.AMA	1099	1.75	2765	13.6	-5.5	-32.3	7.4	7.1	10.0	11.5	11.5	31	0.4	2.0
05082400.RAP	1029	1.75	2040	11.3	-11.3	-38.9	8.6	7.5	13.6	11.6	19.1	116	0.6	-999.0
05031500.TLH	53	1.75	1338	12.4	-14.1	-38.5	7.1	6.6	12.7	28.4	53.2	41	1.1	1.1
05030400.AMA	1099	1.75	697	4.3	-23.3	-51.5	8.7	8.0	13.1	22.7	36.0	142	0.8	1.3
04092500.AMA	1099	1.75	2465	11.2	-11.9	-40.7	6.9	7.8	12.0	15.1	24.9	38	0.8	2.0
04092300.AMA	1099	1.75	1887	12.8	-10.1	-35.5	6.7	6.9	19.6	23.5	21.8	374	0.9	1.3
04082600.BIS	506	1.75	3083	12.5	-13.1	-41.7	7.1	7.8	13.9	16.6	18.9	101	1.4	2.4
04081900.ILX	178	1.75	3685	15.1	-9.1	-36.3	5.9	7.3	19.7	19.9	28.2	371	1.3	1.3
04071200.TOP	270	1.75	3709	17.7	-7.3	-32.5	6.8	6.7	11.9	13.6	9.1	204	0.8	0.6
04051600.EPZ	1252	1.75	2888	10.4	-11.5	-39.9	8.7	7.8	4.1	12.2	7.0	93	0.9	1.6
04051000.LBF	849	1.75	4026	11.6	-13.9	-41.1	9.0	7.5	3.0	13.9	17.5	38	1.9	1.6
04042900.DRT	313	1.75	1834	12.4	-12.9	-40.9	6.4	7.7	16.1	20.0	31.6	217	0.9	1.3
04040700.FWD	171	1.75	835	10.4	-16.3	-40.1	6.7	6.6	11.8	28.3	27.2	87	0.6	1.0
04032100.MAF	872	1.75	2053	10.0	-12.9	-41.3	7.9	7.7	5.5	9.6	21.3	39	0.5	1.5
04032100.FFC	244	1.75	942	7.9	-17.3	-44.1	7.5	7.4	11.3	12.0	13.4	154	0.4	1.1
04030100.TOP	270	1.75	487	6.3	-28.7	-42.5	8.7	3.9	20.1	32.0	35.0	171	0.9	1.6
04022512.LIX	8	1.75	837	10.3	-17.7	-40.5	6.7	6.3	25.2	31.9	48.7	340	0.7	2.4
03092100.DDC	790	1.75	1784	10.2	-10.9	-38.5	7.3	7.5	21.8	20.1	23.8	257	0.7	2.0
03091100.DDC	790	1.75	3112	14.8	-7.5	-31.9	6.9	6.6	15.7	22.3	30.8	259	1.2	2.2
03091000.MAF	872	1.75	3038	12.9	-7.3	-34.1	7.4	7.1	8.6	8.3	12.7	79	0.4	2.1
03090500.DRA	1009	1.75	1966	11.3	-8.3	-34.1	8.1	6.9	5.0	3.7	9.2	33	0.2	1.2
03062500.MAF	872	1.75	4621	16.5	-6.7	-29.9	7.7	6.2	11.9	8.7	16.8	45	0.7	2.1
03062100.MAF	872	1.75	1489	10.7	-7.7	-33.7	7.0	6.9	6.5	14.5	29.4	74	0.3	1.9
03061700.RAP	1029	1.75	1501	10.1	-11.1	-38.5	7.1	7.4	2.9	5.7	17.5	92	0.2	1.9
03061700.FFC	244	1.75	2826	16.3	-8.5	-33.7	6.2	6.8	5.5	7.0	13.0	32	0.3	0.6
03061500.LBF	849	1.75	1717	10.7	-11.3	-39.3	6.3	7.6	6.6	10.6	12.0	51	0.3	1.7
03061500.FWD	171	1.75	2433	14.3	-11.3	-37.9	6.9	7.2	5.3	12.1	2.8	32	0.7	1.7
03061300.LBF	849	1.75	2759	12.0	-11.3	-40.9	7.2	8.0	13.0	15.4	16.3	179	1.0	2.6
03061100.OUN	357	1.75	3045	14.5	-9.3	-35.7	7.2	7.1	12.1	17.8	13.1	135	1.2	2.0
03060400.LCH	10	1.75	4988	19.7	-6.7	-34.5	5.8	7.4	7.3	13.3	17.2	44	0.8	0.6
03051312.FWD	171	1.75	1814	12.6	-10.3	-36.9	7.3	7.1	16.8	17.7	24.7	205	0.7	1.2
03050700.BMX	178	1.75	4489	17.4	-10.5	-36.9	7.0	7.1	12.2	26.5	28.4	101	2.8	2.1
03050200.FFC	244	1.75	3289	13.7	-13.5	-41.1	6.5	7.5	7.5	9.8	9.5	55	0.9	0.9
03043000.BNA	210	1.75	3359	12.4	-15.3	-42.5	7.2	7.5	4.1	4.3	5.5	30	0.8	1.3
03042900.MAF	872	1.75	2325	9.8	-13.5	-39.1	8.4	7.0	15.5	23.4	21.0	165	1.6	1.4
03042900.AMA	1099	1.75	2549	9.6	-14.5	-41.5	8.3	7.4	16.5	25.3	33.7	237	2.0	1.6
03032600.SHV	79	1.75	1723	11.3	-18.3	-45.5	8.5	7.6	8.0	17.7	18.0	108	1.3	1.4
03032600.LZK	78	1.75	2073	11.3	-18.5	-46.3	6.7	7.8	9.5	14.3	15.4	67	1.0	2.2
03031500.BMX	178	1.75	1555	10.9	-19.1	-43.3	7.4	6.8	12.3	8.5	21.2	94	0.5	1.3
02082300.LBF	849	1.75	6193	17.8	-10.1	-38.1	8.0	7.5	3.8	12.9	28.1	10	2.1	3.1
02072800.DDC	790	1.75	2480	12.9	-5.3	-31.3	7.4	6.8	10.7	10.6	11.1	155	0.3	1.4
02072518.TBW	13	1.75	4523	18.9	-8.5	-34.7	6.7	7.0	2.0	7.8	6.3	7	0.7	0.6
02070200.AMA	1099	1.75	2393	12.2	-6.5	-35.3	7.3	7.6	20.8	18.4	11.3	353	0.6	1.6
02062600.DTX	329	1.75	3079	14.5	-8.9	-34.7	6.1	7.0	1.4	1.9	7.2	-1	0.4	0.7
02061200.TOP	270	1.75	5029	19.6	-8.9	-32.9	7.6	6.4	15.6	21.1	24.7	224	2.3	0.7
02060700.MPX	287	1.75	1952	9.2	-15.1	-43.7	7.7	7.9	16.2	22.8	25.3	758	1.4	1.5
02060402.CHS	15	1.75	2637	13.7	-10.1	-34.9	7.6	6.7	11.7	9.7	10.8	33	0.6	0.8
02052900.TOP	270	1.75	2661	12.8	-13.7	-40.1	6.8	7.2	7.3	4.2	10.7	48	0.5	1.3
02052800.MAF	872	1.75	3115	12.7	-11.1	-37.5	8.0	7.1	16.4	20.6	24.7	103	1.7	2.1
02052800.LBF	849	1.75	3387	11.3	-15.1	-41.3	9.0	7.2	11.6	18.8	30.1	184	2.3	1.9
02050400.CHS	15	1.75	3255	15.9	-10.7	-35.7	6.6	6.7	16.6	21.1	29.5	19	1.6	0.9
02041800.FWD	171	1.75	3343	15.9	-9.9	-35.9	6.4	7.0	5.6	12.4	34.6	61	0.9	-999.0
02041600.PIT	357	1.75	1856	11.5	-14.9	-41.7	7.3	7.4	15.8	17.9	18.1	245	1.0	1.6
01062000.DTX	329	1.75	3813	14.9	-12.5	-37.3	6.9	6.7	15.0	8.4	17.6	-45	0.9	2.8
01061800.TBW	13	1.75	3469	15.9	-9.7	-34.9	5.9	6.8	1.5	4.6	6.6	23	0.5	0.8
00090400.LBF	849	1.75	2441	11.2	-9.5	-35.5	7.8	7.0	18.5	21.4	24.1	309	1.0	1.5
00080800.OAX	350	1.75	4679	16.3	-8.1	-32.7	7.8	6.5	10.8	16.4	25.1	185	1.6	3.0
00080200.GGW	700	1.75	2057	10.8	-8.9	-37.9	8.0	7.8	15.0	24.6	35.3	148	0.9	1.8
00073100.JAX	9	1.75	3581	17.6	-8.9	-33.5	6.0	6.6	4.7	6.6	5.5	27	0.4	0.6
00072900.GSO	270	1.75	2081	14.3	-9.7	-35.1	6.2	6.8	6.5	6.2	16.1	43	0.3	0.6
00072700.LBF	849	1.75	5178	18.1	-8.9	-36.7	8.7	7.5	12.2	17.5	26.1	351	2.3	2.2
00072600.MPX	287	1.75	3240	15.3	-13.1	-36.3	7.6	6.4	10.1	21.4	12.4	139	2.2	3.0
00072600.MFL	5	1.75	4079	18.3	-8.5	-33.5	6.6	6.7	2.4	5.2	5.6	18	0.5	0.6
00072500.ABR	396	1.75	4195	15.6	-12.3	-38.3	8.9	7.1	10.9	15.3	19.8	113	2.3	3.1
00072200.LBF	849	1.75	3031	12.8	-11.5	-38.5	7.6	7.3	14.5	27.5	23.7	247	2.2	2.6
00072100.FFC	244	1.75	2149	14.3	-6.9	-30.5	6.4	6.2	9.1	9.2	10.4	63	0.3	0.6
00071800.AMA	1099	1.75	3660	14.4	-4.7	-32.7	6.9	7.4	5.9	9.1	7.7	79	0.4	1.5
00071500.IAD	98	1.75	2186	13.9	-12.3	-36.3	6.8	6.5	9.3	17.8	17.7	118	1.1	2.0
00071300.ABR	396	1.75	2305	13.6	-8.7	-36.1	6.7	7.3	21.7	29.3	44.3	278	1.2	2.0
00070600.GGW	700	1.75	2743	11.7	-14.1	-40.7	8.5	7.3	13.0	29.6	40.4	165	2.4	1.9
00062400.LBF	849	1.75	4723	14.8	-9.7	-37.3	8.6	7.4	9.8	17.4	29.6	126	2.2	2.0
00062400.DDC	790	1.75	3499	14.8	-7.3	-33.9	7.7	7.2	12.0	23.2	30.2	237	1.5	2.7
00062200.DDC	790	1.75	3602	14.3	-8.7	-37.5	7.0	7.7	16.2	15.4	23.4	157	1.1	2.9
00061100.AMA	1099	1.75	3932	14.0	-7.9	-33.5	7.8	6.8	9.4	14.8	19.1	128	1.2	2.1
00060300.ABQ	1620	1.75	1267	9.4	-8.7	-34.3	8.2	6.9	7.6	10.3	17.5	70	0.2	1.4
00052900.GSO	270	1.75	1988	14.3	-11.1	-37.1	6.2	7.0	17.6	28.7	35.1	139	1.2	1.2
00051900.FWD	196	1.75	3610	16.2	-10.9	-37.7	7.4	7.2	6.7	25.2	32.9	75	2.4	0.6
00051200.TOP	270	1.75	5329	16.7	-7.3	-39.3	6.5	8.6	21.0	25.1	29.2	216	2.1	3.7
00033000.SHV	79	1.75	3548	15.4	-15.9	-44.1	7.6	7.8	23.8	31.6	50.3	323	3.8	2.8
94070100.GSO	277	1.50	2296	13.8	-10.3	-38.7	5.4	7.7	6.6	8.1	14.3	40	0.3	0.6
90082200.OUN	357	1.50	3350	16.6	-5.5	-30.6	6.1	6.6	3.1	3.3	5.7	-7	0.3	0.6
90082200.AHN	246	1.50	3275	16.5	-6.8	-30.8	6.5	6.3	6.0	8.7	15.8	48	0.4	0.6
90071000.DEN	1611	1.50	3504	13.5	-8.2	-34.3	8.0	7.0	16.7	25.4	20.1	41	1.9	2.5
90041100.AHN	246	1.50	1096	11.5	-14.0	-40.0	6.4	7.1	19.0	25.4	25.8	343	0.7	0.6
90040200.GSO	277	1.50	984	8.7	-17.4	-45.5	6.8	7.8	19.9	29.7	37.4	210	0.8	2.0
89060200.AHN	246	1.50	1996	13.2	-7.3	-34.8	6.1	7.3	3.2	2.6	1.6	18	0.2	-999.0
06071100.DNR	1625	1.50	1192	10.1	-7.9	-33.7	7.6	6.9	12.2	16.2	27.0	79	0.3	1.7
06053000.SGF	387	1.50	2988	15.0	-9.3	-34.7	6.5	6.9	4.0	2.7	12.8	27	0.4	0.6
06052200.LBF	849	1.50	1420	8.2	-11.1	-41.1	7.7	8.1	14.8	15.2	22.6	199	0.5	1.3
06042117.JAN	101	1.50	1486	13.4	-12.9	-37.5	6.5	6.7	6.4	17.4	11.7	58	0.7	0.6
03091800.INL	361	1.50	1863	13.7	-13.5	-38.9	7.5	7.0	15.3	24.7	29.2	384	1.5	-999.0
03031700.MHX	11	1.50	1241	12.1	-13.1	-39.9	5.4	7.3	11.5	19.1	32.8	37	0.5	0.7
02072500.LCH	10	1.50	5453	20.2	-7.3	-31.7	5.9	6.4	5.5	8.5	11.3	66	0.6	0.6
02042200.ILN	317	1.50	623	10.3	-13.3	-37.4	6.8	6.6	31.2	36.0	43.5	525	0.4	2.1
01062600.RNK	654	1.50	1653	11.1	-11.9	-39.7	5.7	7.5	8.3	13.7	30.3	88	0.4	2.1
01062600.GSO	270	1.50	929	11.9	-11.7	-40.1	6.0	7.7	10.4	17.8	25.6	106	0.3	0.6
00090200.SLC	1288	1.50	1641	9.1	-14.7	-41.9	8.4	7.4	20.1	16.1	24.8	101	0.9	1.7
00051800.GSO	270	1.50	1767	11.9	-13.7	-40.9	6.5	7.4	7.6	16.4	31.1	124	0.7	1.6
94062500.GSO	277	1.25	2334	15.9	-5.4	-31.3	5.6	6.9	12.9	9.9	5.2	103	0.2	0.6
90041400.OUN	357	1.25	1408	10.8	-18.2	-46.0	7.9	7.7	17.5	23.5	33.0	146	1.2	2.0
06072800.FGZ	2192	1.25	3100	13.5	-5.3	-30.7	8.1	6.7	14.1	22.7	18.3	193	1.0	2.7
06072700.ILX	178	1.25	4385	20.7	-4.3	-31.7	5.7	7.2	14.7	12.7	19.1	318	0.6	0.6
06070400.GRB	214	1.25	1881	14.1	-10.1	-36.5	6.6	7.1	14.0	22.8	40.7	132	0.9	0.6
06061200.DNR	1625	1.25	942	6.0	-9.9	-38.5	9.4	7.8	7.4	17.1	22.2	130	0.4	0.6
06060312.LBF	849	1.25	988	7.7	-11.9	-40.5	9.0	7.9	10.8	19.5	17.8	699	0.5	1.0
06060300.ILX	178	1.25	1218	10.0	-14.5	-42.9	5.9	7.8	14.1	20.0	22.7	87	0.5	1.5
06052600.FFC	244	1.25	1711	12.1	-12.1	-36.7	7.1	6.6	4.1	8.7	3.3	46	0.4	1.1
06052000.BOI	874	1.25	1070	7.4	-13.5	-39.9	8.4	7.2	9.2	15.9	25.9	95	0.5	0.8
06051500.TLH	53	1.25	1279	10.8	-13.7	-41.5	7.1	7.6	18.5	24.7	23.2	104	0.8	1.7
05100123.LMN	317	1.25	2672	15.9	-9.9	-36.7	7.0	7.2	14.1	21.4	26.0	276	1.3	-999.0
05090600.LBF	849	1.25	2252	13.0	-9.1	-33.7	8.1	6.7	6.3	14.1	27.2	28	0.7	2.9
05030700.MAF	872	1.25	547	8.0	-16.7	-46.3	6.9	8.2	16.9	34.3	40.4	177	0.4	1.9
04100400.AMA	1099	1.25	1672	10.5	-13.5	-40.1	7.6	7.2	10.7	23.5	31.9	28	1.1	2.4
04032700.RAP	1029	1.25	2052	8.5	-15.5	-43.5	8.0	7.7	12.6	19.0	17.5	161	1.3	1.5
03090800.PHX	384	1.25	2268	12.1	-6.7	-35.1	6.7	7.5	8.2	10.7	16.8	90	0.3	1.2
03090800.FGZ	2192	1.25	663	8.3	-8.3	-35.1	7.7	7.1	11.2	15.0	17.0	130	0.2	1.2
03090300.NKX	128	1.25	940	10.8	-5.9	-32.3	6.6	7.0	4.2	7.0	5.9	9	0.1	0.7
03040500.ILN	317	1.25	1856	10.4	-15.7	-44.1	6.5	7.8	17.7	20.8	25.6	233	1.0	2.2
02041200.TOP	270	1.25	1084	9.8	-16.5	-44.3	7.1	7.7	16.2	9.4	27.2	99	0.3	1.6
00072000.LZK	165	1.25	3973	16.4	-6.7	-30.7	6.8	6.3	8.3	12.6	12.7	102	0.7	1.1
00071100.DDC	790	1.25	4707	16.4	-4.1	-31.5	6.8	7.2	6.0	4.6	8.7	136	0.4	2.6
00030400.BMX	178	1.25	1311	11.4	-14.9	-42.9	5.7	7.7	21.1	42.9	54.3	205	0.8	1.4
99061200.ILN	317	1.00	3299	14.7	-8.3	-35.5	5.8	7.3	8.2	4.6	4.0	32	0.4	1.1
98052200.BNA	180	1.00	3709	15.2	-10.7	-36.9	6.4	7.0	10.4	9.2	7.9	83	0.8	0.9
97081800.FFC	244	1.00	3564	18.4	-6.1	-31.1	6.1	6.6	4.4	2.5	2.0	37	0.3	0.6
97081700.PIT	373	1.00	3951	18.3	-7.9	-31.9	6.9	6.4	15.4	12.7	23.0	224	0.9	0.6
97081700.DVN	229	1.00	5790	20.8	-8.3	-34.9	7.5	7.1	12.3	14.3	11.8	137	1.7	1.0
93092500.OUN	381	1.00	2895	16.1	-6.7	-32.0	6.2	6.8	16.0	24.5	27.2	264	1.0	0.6
91060500.CKL	140	1.00	3345	16.9	-7.5	-32.0	6.3	6.5	9.2	5.0	4.8	52	0.4	0.6
91060500.AHN	246	1.00	3036	15.3	-8.1	-31.7	6.7	6.3	11.6	5.7	13.0	72	0.4	0.6
90101800.GGG	124	1.00	1619	14.2	-10.6	-37.1	6.4	7.1	12.5	20.0	27.9	114	0.7	0.6
90100800.GGG	124	1.00	2689	16.8	-6.0	-32.5	5.8	7.0	8.9	14.2	17.2	70	0.4	0.6
90092900.MAF	873	1.00	1606	12.2	-8.0	-36.1	6.0	7.5	11.3	15.0	28.7	35	0.3	0.8
90083000.GSO	277	1.00	3552	16.4	-9.3	-33.8	6.0	6.6	14.1	20.1	18.2	37	1.3	0.6
90082300.HTS	246	1.00	707	15.2	-7.7	-33.3	6.2	6.8	3.6	7.0	8.5	-4	0.1	0.6
90082100.OUN	357	1.00	5290	19.2	-6.7	-31.0	6.9	6.4	6.2	8.3	3.4	38	0.7	0.6
90081900.AMA	1095	1.00	2596	13.6	-7.9	-32.0	7.0	6.5	3.8	5.1	5.1	45	0.3	0.8
90080200.MAF	873	1.00	1702	14.4	-6.2	-31.8	6.1	6.8	2.8	9.7	12.2	27	0.2	0.6
90072600.GGW	696	1.00	1514	10.2	-10.6	-37.7	7.0	7.3	7.9	15.6	16.6	55	0.5	1.8
90072500.DDC	791	1.00	1703	11.9	-8.0	-34.0	6.8	7.0	10.1	14.0	17.5	208	0.4	1.4
90072200.TBW	13	1.00	3409	17.8	-5.7	-31.9	6.0	6.9	3.6	4.6	7.8	35	0.3	0.6
90072000.DEN	1611	1.00	1698	11.7	-7.2	-32.2	7.4	6.7	14.0	16.1	20.8	182	0.4	2.1
90071800.AMA	1095	1.00	1482	11.4	-6.5	-33.5	6.7	7.2	8.4	14.8	26.1	98	0.3	1.1
90071100.GSO	277	1.00	3487	15.2	-6.6	-32.6	5.9	6.9	7.5	3.5	9.1	38	0.3	0.6
90070900.GSO	277	1.00	4051	17.6	-5.3	-32.6	5.6	7.2	6.1	10.2	10.5	73	0.4	0.8
90062400.OUN	357	1.00	1571	11.9	-10.8	-34.1	8.2	6.3	14.1	26.8	24.9	186	1.1	1.9
90062300.HTS	246	1.00	1346	14.5	-8.5	-33.5	5.8	6.6	19.1	27.1	36.9	231	0.6	0.6
90061000.GSO	277	1.00	2409	15.3	-8.8	-32.8	6.1	6.4	11.1	9.7	14.5	145	0.4	0.6
90050400.CKL	140	1.00	1534	14.0	-10.6	-33.4	6.4	6.0	10.8	20.1	25.8	141	0.7	0.6
89082700.DDC	791	1.00	4549	16.9	-7.4	-32.1	7.6	6.6	1.4	11.3	24.3	11	0.9	2.1
89082000.UMN	438	1.00	3524	17.3	-6.0	-31.1	6.2	6.6	13.6	20.6	14.9	350	0.9	0.8
89080600.OUN	357	1.00	3439	16.3	-5.4	-31.1	6.8	6.8	9.7	10.2	12.1	101	0.4	0.8
89073100.GTF	1118	1.00	1858	9.5	-9.3	-36.7	8.9	7.4	10.3	10.8	21.7	106	0.4	1.2
89072800.DAY	298	1.00	2617	16.4	-7.8	-34.6	5.7	7.2	7.5	13.5	11.3	83	0.5	0.6
89072400.VCT	33	1.00	2953	14.8	-9.6	-37.2	6.2	7.4	9.5	7.7	13.3	120	0.4	0.6
89071200.TOP	268	1.00	3182	16.6	-8.1	-30.9	7.6	6.1	13.2	12.6	8.2	157	0.8	1.6
89070600.OUN	357	1.00	1373	12.9	-6.0	-34.0	6.2	7.4	11.3	6.0	12.2	64	0.1	0.6
89062900.AMA	1095	1.00	2035	12.6	-8.2	-31.3	8.6	6.2	13.0	14.8	26.0	165	0.6	2.3
89062800.HTS	246	1.00	3659	17.6	-8.0	-31.7	5.8	6.4	7.4	15.4	21.4	62	0.8	0.6
89061900.CKL	140	1.00	3363	16.7	-9.6	-36.6	6.4	7.3	12.2	14.5	12.2	103	1.0	0.6
89061600.TBW	13	1.00	3463	16.4	-7.6	-32.3	5.7	6.5	5.9	10.2	6.4	36	0.5	0.6
89061400.JAN	91	1.00	3274	16.0	-11.5	-35.2	7.1	6.4	9.4	11.3	8.2	57	1.0	1.0
89061200.JAN	91	1.00	3616	17.7	-9.1	-31.2	6.5	5.9	7.5	15.3	5.8	84	1.1	0.6
89060500.1M1	172	1.00	2493	15.8	-8.2	-35.8	6.0	7.4	10.3	14.7	13.0	19	0.6	0.6
06092900.FFC	244	1.00	705	10.8	-11.1	-40.1	4.6	7.9	18.9	19.1	33.4	85	0.2	0.6
06091200.ILX	178	1.00	1642	13.6	-11.1	-38.9	6.4	7.5	8.6	12.9	23.9	56	0.5	0.6
06090800.LBF	849	1.00	880	7.9	-14.1	-40.7	7.5	7.3	6.9	11.1	19.9	20	0.3	0.9
06090800.ABR	396	1.00	1406	9.5	-14.3	-42.3	7.5	7.7	10.6	9.4	9.1	163	0.4	1.7
06081000.TUS	779	1.00	1913	13.4	-6.3	-29.9	7.3	6.3	1.2	3.1	6.2	12	0.2	0.6
06080100.PIT	357	1.00	3456	18.6	-4.5	-30.1	5.8	6.8	10.1	12.7	7.9	104	0.5	0.6
06072800.OAX	350	1.00	2714	15.6	-5.3	-34.3	6.0	7.7	9.3	16.8	22.8	92	0.5	0.6
06072800.ABR	396	1.00	1956	12.7	-6.1	-34.7	6.4	7.6	16.1	23.5	29.4	149	0.5	1.4
06072700.RAP	1029	1.00	694	8.7	-8.7	-33.7	8.3	6.7	13.4	16.3	21.8	157	0.2	0.9
06072300.ABQ	1620	1.00	1267	9.6	-4.9	-32.1	7.8	7.2	2.8	5.7	11.2	-9	0.1	1.0
06072200.RNK	654	1.00	3249	16.5	-6.1	-31.1	6.0	6.6	7.2	7.0	9.1	100	0.3	0.6
06072000.RNK	654	1.00	2160	14.2	-8.5	-31.1	5.9	6.1	11.1	9.1	3.0	113	0.3	1.0
06071800.DNR	1625	1.00	1197	9.1	-6.9	-32.3	8.0	6.9	3.5	7.7	6.2	83	0.1	1.1
06071300.BIS	506	1.00	966	9.0	-8.7	-35.3	8.1	7.1	5.9	7.7	14.5	108	0.1	0.7
06070500.GSO	270	1.00	2335	15.2	-7.3	-33.1	6.1	6.8	7.6	9.6	6.1	96	0.3	0.6
06070300.IAD	93	1.00	3195	14.8	-9.3	-36.5	5.9	7.3	10.7	10.7	13.6	60	0.6	0.9
06070200.LBF	849	1.00	2554	12.2	-8.5	-35.5	8.0	7.3	17.1	20.5	17.9	223	1.0	2.0
06070200.FWD	171	1.00	1806	12.8	-9.9	-36.5	7.2	7.2	1.6	6.1	11.2	20	0.3	0.6
06070200.FFC	244	1.00	1552	11.2	-9.7	-38.3	6.3	7.7	1.2	6.5	9.5	4	0.2	0.9
06062900.TOP	270	1.00	959	8.5	-12.3	-40.9	7.1	7.8	8.1	12.7	14.7	120	0.3	1.0
06062900.PIT	357	1.00	925	10.9	-13.7	-38.3	6.4	6.7	7.1	21.3	35.7	17	0.5	1.6
06062800.GRB	214	1.00	1049	9.4	-15.5	-44.5	6.1	8.0	8.1	13.8	20.6	34	0.4	1.6
06062700.FFC	244	1.00	2376	15.4	-6.9	-33.5	5.6	7.0	9.3	12.6	21.6	23	0.4	0.6
06062300.DDC	790	1.00	987	11.0	-11.1	-33.3	7.2	6.0	9.3	17.7	17.5	78	0.4	1.3
06062300.BNA	210	1.00	3023	15.6	-10.1	-34.7	7.3	6.6	8.0	10.6	3.6	71	0.8	0.6
06062300.BMX	178	1.00	1595	12.5	-7.1	-34.3	6.2	7.2	1.9	5.1	4.3	-10	0.1	0.6
06062200.JAN	101	1.00	2595	15.3	-8.7	-34.7	7.0	7.0	4.6	3.0	2.5	-15	0.4	0.6
06062100.BNA	210	1.00	2387	14.1	-9.3	-35.3	6.8	6.9	6.8	6.7	3.3	43	0.3	0.6
06061900.GRB	214	1.00	2397	14.0	-11.7	-38.1	6.2	7.2	12.4	15.9	20.9	74	0.9	1.9
06061200.BNA	210	1.00	1539	13.6	-6.7	-34.3	5.6	7.4	9.1	15.2	7.0	107	0.3	0.6
06060800.LBF	849	1.00	2368	10.8	-6.9	-36.5	7.7	7.9	11.2	20.5	22.3	244	0.7	1.7
06060712.RAP	1029	1.00	1110	7.9	-10.3	-38.1	8.7	7.6	9.9	12.3	19.2	131	0.3	1.3
06060700.SHV	79	1.00	2252	14.6	-10.3	-34.3	7.4	6.4	15.1	25.4	14.5	164	1.4	0.6
06060500.FFC	244	1.00	1475	11.0	-12.5	-39.5	5.9	7.4	5.7	11.7	22.4	18	0.3	2.1
06060400.ILN	317	1.00	1032	8.3	-18.1	-46.9	6.5	8.0	6.7	8.5	11.1	35	0.3	1.2
06060300.GRB	214	1.00	1314	8.8	-18.9	-45.5	7.1	7.4	12.0	16.3	19.5	77	0.7	1.6
06060200.BNA	210	1.00	2055	14.2	-7.9	-34.3	5.4	7.1	8.6	5.5	12.6	-2	0.2	0.6
06053100.GGW	700	1.00	570	5.6	-21.1	-50.3	7.4	8.3	2.8	5.0	8.1	30	0.2	0.9
06052700.JAX	9	1.00	2879	15.0	-9.9	-36.5	6.1	7.2	11.0	13.7	13.1	117	0.8	0.8
06052700.BIS	506	1.00	2274	9.4	-11.9	-40.3	8.5	7.7	20.2	22.0	21.3	198	1.3	1.3
06052600.JAX	9	1.00	1856	13.3	-10.7	-37.3	6.6	7.2	10.5	15.3	20.8	70	0.6	0.6
06052600.GSO	270	1.00	1743	11.9	-10.1	-36.3	6.1	7.0	8.4	14.4	11.4	82	0.4	0.8
06052600.AMA	1099	1.00	1911	7.9	-11.3	-38.3	9.9	7.3	11.8	16.9	12.6	262	0.9	0.7
06052300.RAP	1029	1.00	2536	9.6	-10.3	-39.5	8.5	7.9	5.6	9.7	18.1	43	0.6	1.3
06051800.IAD	93	1.00	1009	8.4	-20.5	-45.9	6.7	7.2	11.9	16.0	20.3	66	0.6	1.3
06051600.DTX	329	1.00	519	8.7	-20.5	-49.7	6.1	8.2	7.2	5.0	17.9	-7	0.1	0.7
06041400.PIT	357	1.00	390	6.2	-20.1	-48.7	7.0	8.1	18.8	18.6	40.0	220	0.3	0.9
06041400.BUF	215	1.00	383	6.2	-23.3	-49.9	7.6	7.6	21.6	26.8	55.7	237	0.5	1.4
06011200.GSO	270	1.00	1374	9.5	-19.1	-46.5	7.5	7.7	21.9	15.6	28.9	253	0.8	2.5
06010300.ILN	317	1.00	791	9.0	-19.3	-46.1	7.5	7.5	7.8	16.0	23.8	140	0.5	1.4
05092900.FWD	171	1.00	1553	12.7	-5.9	-29.7	6.4	6.3	8.5	10.1	13.0	39	0.2	0.6
05082700.EPZ	1252	1.00	2162	11.1	-6.5	-31.9	8.5	6.8	4.0	4.9	6.7	21	0.2	1.0
05081800.LMN	317	1.00	3655	17.7	-4.1	-30.3	6.0	6.8	13.3	22.3	17.3	221	0.9	0.6
05081700.GGW	700	1.00	1042	9.2	-11.1	-36.7	7.8	6.9	16.7	27.6	40.5	265	0.6	1.7
05081100.GGW	700	1.00	805	10.1	-13.7	-37.9	7.4	6.5	15.6	30.5	38.9	170	0.6	2.1
05050600.EPZ	1252	1.00	1672	8.0	-12.7	-40.3	8.6	7.5	15.0	27.7	28.8	178	1.3	1.2
05050412.TBW	13	1.00	1839	14.1	-13.5	-39.3	7.3	7.0	10.0	15.8	33.3	187	0.9	1.0
05030400.SGF	387	1.00	823	5.9	-25.9	-52.1	7.1	7.5	13.0	24.2	27.9	151	1.0	0.7
04082800.OUN	357	1.00	4225	16.0	-7.1	-32.5	7.4	6.7	7.0	3.8	3.0	101	0.5	1.5
04081700.TUS	779	1.00	2027	13.1	-8.9	-34.5	7.1	6.9	8.8	13.2	13.3	96	0.5	1.0
04080900.TOP	270	1.00	2676	14.3	-11.5	-36.3	7.4	6.7	5.9	11.9	15.6	82	0.9	0.9
04051200.AMA	1099	1.00	1922	9.7	-11.5	-38.7	8.0	7.4	19.1	15.0	8.4	282	0.7	1.6
04051000.FFC	244	1.00	2006	11.4	-11.1	-38.3	5.4	7.4	4.0	4.7	11.0	-15	0.2	1.9
04032100.FWD	171	1.00	2648	13.1	-15.5	-42.9	8.2	7.5	4.9	12.9	20.8	29	1.4	2.8
04031500.DRT	313	1.00	1498	11.6	-15.5	-43.1	7.0	7.6	6.6	16.8	24.5	123	0.8	1.4
03111712.TOP	270	1.00	1641	11.5	-17.3	-45.7	7.3	7.9	17.8	25.6	32.6	329	1.4	2.7
03090900.TUS	779	1.00	2363	11.5	-8.3	-34.9	7.3	7.1	2.8	7.9	11.8	12	0.3	1.1
03060900.RNK	654	1.00	2965	15.0	-9.1	-36.7	6.2	7.4	18.9	24.1	29.2	134	1.3	1.2
03060200.DDC	790	1.00	1960	11.1	-9.5	-35.3	7.9	6.9	11.9	17.5	20.6	222	0.7	2.0
03052700.ABQ	1620	1.00	713	7.1	-9.9	-37.1	8.3	7.3	3.1	14.7	20.6	12	0.2	0.6
03052600.TFX	1131	1.00	994	8.3	-10.9	-37.7	8.0	7.3	9.1	16.0	15.9	59	0.4	1.3
03051800.XMR	3	1.00	3602	16.0	-9.5	-35.9	7.0	7.1	5.6	8.6	10.7	-7	0.7	0.9
03051800.TBW	13	1.00	3839	16.1	-8.7	-36.5	6.5	7.5	6.2	5.7	11.9	3	0.5	1.1
03051200.JAX	9	1.00	3060	15.9	-7.9	-33.5	6.9	6.8	10.1	13.2	20.0	48	0.7	-999.0
03051100.MHX	11	1.00	3585	16.0	-9.3	-37.7	7.3	7.6	11.9	16.2	15.0	104	1.3	0.9
03050312.BMX	178	1.00	1402	9.7	-16.1	-41.9	7.5	7.1	7.9	13.8	38.5	72	0.6	1.8
03050212.BNA	210	1.00	1865	10.3	-15.3	-44.9	7.0	8.2	12.1	13.0	18.0	55	0.7	2.2
03050100.FFC	244	1.00	1429	11.1	-13.5	-40.1	6.6	7.2	1.0	6.9	6.4	5	0.2	1.6
03043000.OAX	350	1.00	1064	8.9	-16.3	-44.3	7.4	7.8	18.4	29.1	32.0	353	0.9	1.9
03042800.MFL	5	1.00	2735	16.7	-10.7	-35.7	6.4	6.7	12.3	11.7	25.5	83	0.7	0.6
03042400.SHV	79	1.00	1456	13.1	-12.9	-38.9	7.2	7.1	15.2	26.1	36.8	278	1.1	0.6
03041800.DNR	1625	1.00	1063	5.3	-18.1	-47.9	8.6	8.3	5.9	11.0	43.9	41	0.5	0.6
03040500.LZK	78	1.00	1751	10.7	-14.9	-42.5	6.6	7.6	12.6	27.4	33.1	65	1.2	2.3
03032100.DTX	329	1.00	1602	8.7	-21.3	-48.3	6.6	7.7	7.7	13.3	27.1	80	0.8	1.1
03032000.ILX	178	1.00	713	8.0	-21.9	-36.7	6.9	4.2	5.4	3.5	11.4	-26	0.2	1.4
03031500.TBW	13	1.00	3398	15.9	-13.7	-38.1	7.0	6.6	3.9	18.6	27.3	32	1.9	0.9
02080400.SGF	387	1.00	4328	17.7	-5.5	-34.5	6.5	7.7	3.8	1.1	7.6	-11	0.3	1.5
02080300.BMX	178	1.00	5098	18.4	-6.5	-35.1	5.8	7.6	11.5	9.6	10.8	33	0.6	1.4
02072900.AMA	1099	1.00	3610	13.6	-6.5	-32.3	7.8	6.9	13.6	12.5	12.2	164	0.7	2.0
02072700.RAP	1029	1.00	1688	9.4	-9.3	-37.5	7.5	7.6	14.5	21.0	28.6	139	0.7	1.3
02072600.TOP	270	1.00	3390	13.8	-5.9	-33.9	7.5	7.4	11.9	16.9	16.9	168	0.8	2.2
02072000.JAN	133	1.00	3501	17.6	-6.7	-31.9	6.1	6.7	5.7	6.1	7.9	58	0.3	0.6
02070300.LBF	849	1.00	3367	14.1	-5.9	-35.3	7.5	7.8	11.5	14.0	6.2	158	0.7	1.2
02070200.FFC	244	1.00	4268	16.3	-9.7	-36.1	6.6	7.1	7.3	7.8	4.3	46	0.7	0.6
02060700.ABR	396	1.00	2252	9.0	-14.7	-43.9	8.1	8.1	8.2	12.4	18.1	118	0.9	1.2
02060400.CHS	15	1.00	3170	15.2	-10.1	-34.9	7.6	6.7	11.7	9.7	10.8	33	0.8	0.6
02052700.AMA	1099	1.00	2332	9.7	-11.1	-37.9	7.2	7.3	13.0	14.5	11.8	198	0.7	1.4
02051800.CRP	13	1.00	5902	20.3	-10.5	-36.9	7.4	7.1	10.7	22.6	23.2	86	3.4	1.6
02042300.OAX	350	1.00	614	6.4	-23.3	-46.3	7.9	6.5	15.2	26.3	36.6	133	0.8	1.4
02012400.LZK	78	1.00	1343	13.1	-12.7	-41.1	6.6	7.8	20.2	32.5	40.7	290	0.9	0.6
01062600.LBF	849	1.00	3931	12.7	-8.1	-35.3	8.1	7.3	8.1	9.3	8.1	119	0.7	1.5
01062100.ABR	396	1.00	1118	8.1	-19.3	-47.7	7.0	7.9	3.6	4.2	12.4	14	0.3	1.3
01061900.JAX	9	1.00	2584	17.2	-9.5	-35.5	6.1	7.0	5.0	4.8	8.3	13	0.3	0.6
00080700.TOP	270	1.00	4476	17.3	-7.5	-33.1	7.2	6.7	11.7	17.8	22.9	72	1.4	1.8
00072900.ILN	317	1.00	2735	14.3	-11.5	-37.7	6.7	7.1	8.0	13.4	21.0	68	0.9	0.6
00072900.CHS	15	1.00	2462	16.1	-7.5	-34.9	5.6	7.3	3.3	9.3	13.2	4	0.3	0.6
00072800.TOP	270	1.00	3666	15.3	-10.3	-35.3	7.6	6.8	9.1	22.0	26.4	115	2.1	2.6
00072800.LBF	849	1.00	5581	17.1	-7.7	-35.5	8.1	7.5	9.6	25.0	21.1	187	2.8	3.1
00072700.JAN	101	1.00	2066	12.5	-10.7	-35.7	6.4	6.7	4.2	8.0	8.4	-50	0.3	1.0
00072300.OTX	728	1.00	2088	9.0	-12.3	-42.7	8.2	8.3	7.8	17.2	21.1	43	0.9	1.2
00071900.GYX	125	1.00	997	11.4	-13.3	-37.7	6.0	6.6	18.8	27.0	36.1	107	0.6	1.0
00071700.TOP	270	1.00	3927	15.9	-8.7	-31.7	7.9	6.1	14.5	8.9	14.1	198	0.8	2.4
00071500.SHV	79	1.00	4004	17.2	-5.9	-31.1	6.0	6.7	6.2	4.6	8.6	46	0.3	0.6
00071400.GRB	214	1.00	1743	12.0	-12.3	-37.9	6.9	6.9	13.4	21.5	42.9	195	0.9	1.7
00071200.DDC	790	1.00	2941	14.4	-5.5	-30.7	7.2	6.7	10.8	11.3	11.7	196	0.4	1.4
00070700.RAP	966	1.00	4065	14.2	-7.7	-35.3	8.6	7.3	10.8	29.4	33.3	111	2.3	2.1
00070400.DDC	790	1.00	5142	18.1	-7.1	-30.7	7.6	6.4	11.4	9.7	19.2	114	0.9	2.4
00070300.OAX	350	1.00	4633	18.5	-6.3	-32.3	6.9	6.9	9.9	10.6	19.6	133	0.7	1.9
00070300.DDC	790	1.00	4558	17.2	-5.9	-30.9	7.5	6.7	11.7	13.6	22.7	66	0.9	2.4
00070200.RAP	966	1.00	5621	15.6	-9.7	-36.3	8.7	7.3	15.9	21.5	22.7	263	3.3	2.2
00070200.DDC	790	1.00	3566	16.2	-5.7	-34.7	6.6	7.7	5.5	14.2	21.9	38	0.6	1.3
00063000.PIT	373	1.00	1086	9.9	-15.9	-40.5	5.5	6.8	8.1	22.0	37.9	77	0.5	1.8
00062600.TOP	270	1.00	4052	17.8	-8.9	-32.7	7.6	6.4	2.4	1.3	23.9	26	0.6	2.3
00062600.DDC	790	1.00	2618	13.5	-6.1	-32.3	6.7	6.9	14.3	15.8	16.9	51	0.5	1.6
00062300.MHX	11	1.00	4167	18.6	-8.7	-34.1	6.1	6.8	9.7	6.0	6.1	89	0.5	0.6
00062100.TBW	13	1.00	3180	17.1	-8.5	-32.1	6.4	6.4	8.9	12.2	19.0	49	0.7	0.6
00060200.TOP	270	1.00	3517	16.1	-9.3	-34.5	6.9	6.7	4.9	10.4	16.3	39	0.8	0.8
00060200.DVN	229	1.00	3451	16.4	-9.3	-35.5	7.3	7.0	14.2	14.1	11.0	175	1.1	0.6
00060100.ILX	178	1.00	3208	16.1	-9.1	-37.7	7.0	7.7	20.7	17.9	15.6	163	1.2	1.8
00053000.LBF	849	1.00	2258	9.9	-9.7	-37.9	9.2	7.6	16.9	27.2	31.9	294	1.4	1.1
00051400.TLH	21	1.00	3542	15.9	-9.9	-37.7	6.9	7.5	5.4	4.2	4.2	-4	0.5	1.0
00021800.JAN	101	0.88	1866	12.5	-14.9	-43.1	6.7	7.8	16.2	27.5	38.9	270	1.5	0.7
00061100.DDC	790	0.88	3471	14.3	-7.9	-33.9	6.9	6.9	14.0	11.0	20.2	53	0.7	2.4
00061800.RAP	966	0.88	1396	7.4	-18.9	-44.5	7.1	7.2	7.4	14.0	34.9	270	0.7	1.4
00070600.DDC	790	0.88	2581	12.3	-7.5	-31.7	8.5	6.4	10.7	9.4	10.0	97	0.5	1.8
00072800.BMX	178	0.88	2147	13.2	-9.5	-36.3	6.2	7.2	6.0	8.0	11.4	35	0.3	0.7
00080200.DVN	229	0.88	4183	16.6	-9.7	-38.1	6.6	7.6	13.3	11.2	16.4	169	1.0	1.1
00080300.PIT	373	0.88	2780	14.9	-9.7	-37.1	6.2	7.3	9.1	15.5	29.2	81	0.8	0.6
00080400.BNA	180	0.88	3453	16.3	-9.9	-35.1	6.8	6.8	9.1	10.9	16.0	83	0.8	0.6
00080500.LZK	165	0.88	3872	16.1	-6.3	-33.3	5.6	7.3	7.3	9.4	14.6	6	0.4	0.8
00080700.DTX	329	0.88	4231	19.4	-7.3	-31.9	6.0	6.6	10.6	16.6	31.6	78	1.0	0.6
00090300.OAX	350	0.88	3099	12.6	-10.1	-36.3	8.7	7.0	9.5	16.9	21.6	126	1.4	1.4
01062200.DVN	229	0.88	1285	10.3	-18.1	-44.9	6.5	7.5	8.7	10.8	11.8	66	0.4	1.0
01062600.CRP	13	0.88	3837	16.6	-8.5	-35.7	6.4	7.3	7.1	4.0	8.9	53	0.5	0.6
02031000.GSO	270	0.88	819	11.0	-15.3	-41.3	5.8	7.2	19.8	24.6	29.7	236	0.5	1.2
02052900.OAX	350	0.88	2754	13.0	-13.3	-40.9	7.1	7.5	10.0	7.5	7.0	127	0.6	2.6
03031400.TLH	53	0.88	2141	11.6	-13.1	-43.3	6.3	8.3	5.7	10.5	9.0	39	0.5	1.1
03042912.TOP	270	0.88	1617	10.6	-16.9	-43.9	7.8	7.5	11.0	16.7	22.5	238	0.9	2.8
03050400.BIS	506	0.88	1467	8.2	-18.7	-47.3	7.4	8.0	8.8	15.4	16.1	86	0.8	1.6
03060300.JAX	9	0.88	3513	16.1	-10.1	-36.5	7.6	7.1	11.4	11.1	10.3	111	1.0	0.6
03060600.ABR	396	0.88	888	8.1	-19.9	-46.5	6.8	7.5	9.2	17.3	14.2	47	0.5	1.5
03061600.TOP	270	0.88	1944	12.4	-11.9	-38.7	6.4	7.3	5.8	0.8	4.2	3	0.3	1.0
03062000.GGW	700	0.88	1032	9.2	-9.7	-37.5	8.1	7.5	8.3	9.8	17.1	76	0.2	1.3
03101712.JAN	101	0.88	1891	12.8	-11.5	-43.1	6.3	8.6	16.9	25.4	33.9	246	1.1	1.2
03102600.CRP	13	0.88	3408	17.9	-9.9	-35.3	6.3	6.8	9.8	15.2	34.5	17	1.0	0.6
03111800.OAX	350	0.88	957	10.0	-18.3	-43.3	6.8	6.9	20.0	41.2	58.6	88	0.8	2.5
04040900.AMA	1099	0.88	1515	8.2	-16.7	-45.5	7.0	8.0	14.7	17.9	23.0	139	0.8	1.6
04081800.PHX	384	0.88	1709	10.5	-9.1	-35.5	7.3	7.1	6.0	4.8	9.2	15	0.2	0.8
04082700.ABR	396	0.88	1433	10.2	-15.1	-41.5	6.7	7.3	5.3	14.4	40.5	28	0.5	1.5
04091900.LCH	10	0.88	2433	15.9	-6.9	-31.9	5.8	6.6	7.7	4.4	15.6	6	0.2	0.6
04092000.OAK	3	0.88	242	7.3	-17.9	-36.7	5.5	5.2	6.5	27.4	30.4	56	0.2	0.7
04100400.GSO	270	0.88	1385	13.2	-14.9	-40.1	6.5	6.9	10.4	15.2	26.8	101	0.6	1.4
05081300.MAF	872	0.88	1568	12.8	-6.3	-31.7	6.5	6.8	6.9	11.8	13.7	82	0.2	0.6
06013012.JAN	101	0.88	1058	10.0	-20.9	-45.9	7.1	7.0	18.9	38.7	46.0	71	1.1	2.6
06032100.OUN	357	0.88	579	5.4	-25.5	-40.9	7.4	4.4	5.7	16.6	26.7	53	0.5	0.9
06040700.FWD	171	0.88	2831	12.5	-12.5	-42.1	6.2	8.1	20.1	33.5	41.5	40	1.8	2.8
06041200.TOP	270	0.88	726	8.4	-14.3	-42.9	7.0	7.9	23.1	33.2	37.2	232	0.5	2.0
06043000.OTX	728	0.88	499	6.4	-17.9	-44.3	7.3	7.4	8.3	17.3	23.3	75	0.3	0.8
89061200.AMA	1095	0.88	3301	13.2	-11.7	-39.3	8.7	7.5	9.2	12.9	25.2	167	1.4	2.3
89062600.UMN	438	0.88	3812	16.2	-6.9	-33.3	6.3	7.0	2.0	0.7	10.8	-14	0.4	0.6
89062700.DEN	1611	0.88	931	8.6	-11.1	-38.5	7.6	7.5	10.8	14.3	14.3	122	0.3	1.8
89072700.AHN	246	0.88	3996	17.5	-6.9	-33.6	6.5	7.1	7.1	3.5	6.8	66	0.4	0.6
89082500.AHN	246	0.88	3533	16.9	-5.1	-30.7	6.1	6.8	2.7	3.3	8.1	5	0.3	0.6
89082600.AHN	246	0.88	3463	17.1	-5.6	-31.0	5.8	6.7	4.0	11.3	8.6	41	0.4	0.6
89082900.GGG	124	0.88	3979	18.5	-4.6	-29.9	6.0	6.7	1.6	4.1	2.2	3	0.3	0.6
90071000.PIT	360	0.88	3362	16.6	-6.7	-31.4	6.3	6.6	14.3	19.7	14.7	124	0.9	0.6
90073000.AMA	1095	0.88	943	12.2	-7.5	-32.1	6.3	6.5	8.4	12.7	18.1	14	0.2	0.6
90091900.OUN	357	0.88	3878	18.0	-6.7	-31.3	6.2	6.6	12.1	11.9	20.5	119	0.6	0.6
97010900.SIL	8	0.88	909	13.1	-13.6	-37.2	6.7	6.4	33.7	39.7	37.0	511	0.7	-999.0
98062500.DDC	790	0.88	2667	11.9	-7.3	-34.1	8.7	7.2	12.4	25.1	34.7	224	1.2	1.4
90052100.SIL	8	0.85	3505	16.6	-10.6	-35.6	6.7	6.7	10.9	8.4	13.0	70	0.7	0.6
03052100.TBW	13	0.80	2941	15.8	-9.5	-35.9	6.2	7.1	7.1	2.7	5.4	27	0.4	0.6
91051700.JAN	91	0.80	2890	15.5	-8.9	-36.0	6.5	7.3	0.6	1.1	7.8	1	0.4	0.6
00022400.LZK	165	0.75	1590	10.6	-18.1	-45.7	7.0	7.7	17.2	25.0	34.2	270	1.3	2.5
00050300.JAN	101	0.75	1438	12.8	-12.9	-38.5	5.9	7.0	13.9	12.8	7.2	120	0.4	0.6
00052200.LZK	165	0.75	2062	12.1	-13.5	-44.1	6.2	8.4	17.7	22.6	32.5	162	1.1	1.4
00061800.JAX	9	0.75	2677	15.7	-7.9	-34.1	5.7	7.0	7.9	6.0	10.5	61	0.3	0.6
00061900.WAL	41	0.75	2940	17.4	-7.9	-33.5	6.3	6.9	11.6	11.3	9.5	134	0.5	0.6
00062500.JAX	9	0.75	2442	15.6	-10.1	-34.9	6.2	6.6	9.3	9.4	21.8	104	0.5	0.6
00062900.GRB	214	0.75	860	8.9	-18.9	-47.9	6.4	8.1	14.1	17.0	24.4	108	0.5	1.1
00071300.DDC	790	0.75	3064	15.1	-3.7	-31.1	6.1	7.2	9.2	6.2	10.6	0	0.2	0.6
00071300.FWD	196	0.75	3103	14.9	-5.7	-31.9	6.5	6.9	13.9	10.6	11.4	120	0.4	0.8
00071800.JAN	101	0.75	3305	15.8	-5.5	-29.7	6.0	6.3	13.1	13.9	14.4	-56	0.5	0.6
00071900.JAN	101	0.75	3841	17.3	-6.1	-31.7	6.1	6.8	5.7	7.5	6.9	32	0.3	0.6
00072100.TBW	13	0.75	4845	18.9	-6.9	-31.9	6.4	6.6	7.4	7.0	10.7	56	0.5	0.9
00072300.GSO	270	0.75	2443	16.5	-9.1	-32.3	5.7	6.1	6.6	20.6	22.2	88	0.9	0.6
00072400.GGW	700	0.75	3240	10.9	-11.1	-40.3	8.5	7.9	12.5	26.1	22.5	54	2.1	1.4
00080400.LCH	10	0.75	3045	15.7	-7.5	-32.7	5.6	6.7	4.7	2.8	12.8	28	0.3	0.6
00090200.SHV	79	0.75	1896	12.1	-7.5	-32.5	7.0	6.6	5.2	3.2	2.0	15	0.2	0.7
01062400.BIS	506	0.75	4781	13.7	-10.9	-38.3	9.0	7.4	15.0	18.7	27.1	249	2.8	1.7
02030812.ILX	178	0.75	533	7.2	-19.7	-48.7	6.9	8.2	16.1	31.5	49.1	599	0.5	1.3
02051500.PIT	357	0.75	521	5.9	-27.9	-45.7	7.9	5.1	17.3	14.7	14.3	74	0.4	1.1
02060400.JAX	9	0.75	3128	15.3	-8.1	-33.3	6.5	6.7	0.3	3.7	6.5	15	0.4	0.6
02062500.LBF	849	0.75	3690	11.7	-10.3	-37.1	9.2	7.2	5.0	7.2	9.1	45	0.7	1.3
02072000.LZK	78	0.75	6551	21.6	-8.5	-32.7	6.9	6.6	8.7	10.2	6.8	145	1.3	0.9
03031500.OTX	728	0.75	801	6.3	-26.3	-49.9	7.5	6.8	18.3	24.9	28.7	240	1.0	1.5
03032000.SGF	387	0.75	909	7.6	-22.1	-40.1	6.7	5.1	18.2	10.5	8.6	205	0.4	1.4
03040922.XMR	3	0.75	2570	15.5	-10.3	-37.3	5.6	7.3	12.7	31.0	38.3	34	1.3	0.6
03042300.DNR	1625	0.75	1183	6.7	-16.1	-46.5	7.9	8.5	12.2	19.1	35.2	265	0.7	1.2
03050100.DNR	1625	0.75	1011	6.7	-20.1	-46.3	8.0	7.4	12.5	33.5	27.3	108	1.1	1.2
03050200.BMX	178	0.75	2216	12.4	-12.9	-40.7	6.6	7.5	4.6	6.7	7.6	9	0.4	0.7
03052400.PIT	357	0.75	707	10.0	-16.7	-44.5	6.5	7.7	12.1	26.5	23.6	65	0.5	1.0
03060700.MFL	5	0.75	3041	18.2	-6.7	-31.3	5.6	6.5	0.9	2.8	9.3	5	0.3	0.6
03061000.JAX	53	0.75	2482	16.0	-8.7	-33.9	6.7	6.7	10.8	11.3	22.4	13	0.5	0.6
03061222.XMR	3	0.75	2144	17.1	-7.9	-32.5	6.1	6.5	5.2	4.6	6.1	65	0.2	0.6
03061500.SHV	79	0.75	2511	16.2	-9.9	-33.9	6.3	6.4	13.5	21.1	32.8	91	1.1	0.6
03061900.TFX	1131	0.75	1802	8.6	-9.3	-37.5	8.2	7.6	13.1	10.8	13.4	178	0.4	1.0
03062000.BOI	874	0.75	491	7.0	-12.5	-39.7	8.2	7.4	17.9	23.3	18.1	141	0.3	1.0
03062100.RAP	1029	0.75	2338	11.9	-10.3	-36.1	7.2	7.0	15.0	8.1	14.4	137	0.4	2.4
03062200.IAD	93	0.75	1215	10.5	-17.1	-38.3	5.8	5.9	9.3	15.1	9.7	79	0.5	1.1
03090900.GJT	1475	0.75	996	6.8	-12.3	-39.5	9.1	7.4	8.5	17.7	28.1	199	0.5	0.7
03090900.MAF	872	0.75	2389	12.1	-7.9	-36.1	7.0	7.6	12.1	18.1	17.8	222	0.7	2.2
03091000.JAN	101	0.75	1929	15.0	-9.5	-35.3	6.0	6.9	8.1	10.8	22.1	83	0.4	0.6
03111300.BUF	215	0.75	418	8.1	-20.5	-44.7	6.7	6.8	18.0	46.9	65.5	335	0.4	1.5
04030500.LZK	78	0.75	745	12.4	-10.1	-37.1	5.8	7.2	27.8	39.6	53.2	468	0.4	0.6
04051300.OAX	350	0.75	1193	10.5	-13.7	-40.5	6.9	7.3	16.7	24.2	28.7	133	0.7	2.2
04051700.FFC	244	0.75	2077	12.2	-12.1	-39.3	6.4	7.4	2.9	2.0	11.6	0	0.3	0.8
04052300.BUF	215	0.75	1807	13.8	-10.6	-36.5	5.8	7.0	18.8	22.4	24.0	239	0.8	0.6
04081700.PHX	384	0.75	2729	12.6	-7.9	-35.3	7.1	7.3	6.2	8.0	6.2	60	0.4	1.3
04081900.DDC	790	0.75	2146	11.7	-6.3	-34.7	6.2	7.5	10.2	4.3	11.0	15	0.2	0.7
04081900.OTX	728	0.75	1929	9.8	-11.3	-38.9	7.4	7.4	6.2	9.9	15.1	43	0.4	1.5
04082800.JAN	101	0.75	3714	18.0	-7.5	-33.7	6.4	7.0	1.0	2.6	3.6	12	0.4	0.6
04082800.PIT	357	0.75	3258	18.3	-6.1	-31.3	5.6	6.7	10.4	7.8	6.8	106	0.3	0.6
04092800.DNR	1625	0.75	698	7.9	-13.9	-38.7	7.1	6.8	12.4	17.7	21.0	112	0.3	1.0
04100400.CHS	15	0.75	1850	15.3	-10.7	-36.1	6.0	6.9	13.4	22.1	32.7	81	0.9	0.6
05022200.BMX	178	0.75	1749	11.8	-15.9	-43.5	6.8	7.6	19.0	26.1	36.8	174	1.4	1.2
05030700.OAX	350	0.75	324	5.7	-21.9	-50.1	7.4	7.9	13.6	14.9	9.6	156	0.2	0.9
05042612.JAN	101	0.75	993	9.2	-17.3	-43.3	6.9	7.2	15.7	27.2	35.7	336	0.8	2.2
05050500.OTX	728	0.75	1601	7.7	-19.1	-46.9	7.3	7.8	8.5	15.7	22.0	35	0.9	1.4
05082100.OAX	350	0.75	2617	15.5	-6.9	-34.3	6.0	7.3	15.0	14.8	30.9	159	0.5	0.6
05082400.SHV	79	0.75	3397	16.6	-5.3	-30.5	6.1	6.8	11.1	9.2	4.4	72	0.3	0.6
06011400.JAX	9	0.75	1223	12.1	-15.1	-42.3	6.5	7.5	19.7	19.6	26.7	233	0.7	0.7
89052800.CKL	140	0.75	2098	15.4	-8.1	-34.6	6.2	7.1	8.0	11.8	13.5	43	0.4	0.6
89060400.PAH	126	0.75	3338	16.4	-9.7	-37.6	5.8	7.5	15.5	14.2	14.7	90	0.9	0.6
89060700.AHN	246	0.75	2402	14.2	-13.0	-38.1	6.6	6.8	2.7	12.3	18.6	37	0.8	0.6
89061300.CKL	140	0.75	2677	16.1	-8.6	-32.8	6.1	6.4	11.5	15.9	7.3	102	0.7	0.6
89061500.AHN	246	0.75	1717	14.7	-7.5	-31.3	5.5	6.3	11.8	10.0	9.8	91	0.2	0.6
89061600.ACY	23	0.75	2243	16.5	-7.6	-34.5	5.9	7.2	19.5	18.8	19.1	217	0.6	0.6
89062200.CKL	140	0.75	2986	16.1	-10.1	-37.3	6.7	7.3	6.8	10.0	8.5	76	0.7	0.6
89062300.GRB	210	0.75	1729	14.6	-8.4	-34.6	6.2	7.0	10.0	10.7	10.8	139	0.3	-999.0
89062300.OUN	357	0.75	3217	16.0	-7.1	-34.1	5.9	7.2	6.9	12.8	14.9	113	0.6	0.6
89062700.PIT	360	0.75	2924	16.0	-9.1	-33.7	6.8	6.6	7.9	8.1	4.9	69	0.5	0.6
89070800.AHN	246	0.75	2876	16.8	-6.5	-32.3	5.8	6.8	4.3	4.1	4.8	33	0.2	0.6
89071100.DDC	791	0.75	1858	11.9	-8.1	-35.3	7.6	7.3	12.4	8.5	14.0	249	0.3	2.1
89072900.SIL	8	0.75	4031	18.8	-6.8	-31.8	6.3	6.6	3.9	4.1	4.4	37	0.4	0.6
89073000.PAH	126	0.75	3630	17.9	-7.0	-33.2	6.4	7.0	7.4	11.4	9.0	58	0.6	0.6
89073100.TOP	268	0.75	2685	14.5	-6.4	-31.4	6.7	6.7	12.0	9.8	13.0	117	0.4	0.6
89081200.GRB	210	0.75	1782	11.3	-14.8	-41.6	6.7	7.3	3.9	4.1	9.5	39	0.3	0.6
89081900.HON	392	0.75	984	13.1	-7.6	-33.3	7.1	6.8	12.1	14.0	17.9	244	0.2	-999.0
89102800.OUN	357	0.75	1679	12.0	-12.7	-39.4	6.8	7.3	8.3	10.1	27.1	115	0.4	1.0
90033100.TBW	13	0.75	2515	14.8	-10.0	-38.4	5.6	7.7	12.0	14.0	15.0	135	0.6	0.6
90042100.OUN	362	0.75	1915	12.4	-14.1	-40.9	6.5	7.3	13.1	25.3	31.9	138	1.3	1.7
90042200.SEP	399	0.75	2775	13.3	-11.7	-40.8	6.5	7.9	8.1	10.2	20.8	98	0.7	1.0
90042400.1M1	172	0.75	2374	12.8	-12.6	-40.0	6.7	7.5	6.6	14.0	8.3	56	0.9	0.9
90052500.MAF	873	0.75	3262	13.1	-7.2	-34.0	7.9	7.2	12.4	22.0	30.6	97	1.3	1.8
90060400.PIT	360	0.75	390	9.5	-12.5	-36.7	5.6	6.5	14.6	26.0	37.7	57	0.2	0.6
90060700.TBW	13	0.75	3262	17.0	-8.6	-34.5	6.0	6.9	4.1	1.6	7.3	8	0.4	0.6
90061000.AHN	246	0.75	2847	14.8	-8.2	-33.4	5.9	6.7	5.6	8.6	9.9	50	0.4	0.6
90070300.SLI	8	0.75	3250	18.4	-5.7	-32.8	5.8	7.2	7.5	11.8	14.5	79	0.4	0.6
90070800.TBW	13	0.75	5452	20.0	-8.1	-31.6	6.5	6.2	5.9	7.8	15.4	11	0.7	0.6
90072200.CHS	13	0.75	3537	18.4	-7.5	-32.4	6.2	6.7	7.1	8.3	10.2	88	0.4	0.6
90072200.PAH	126	0.75	2541	16.9	-5.6	-30.4	5.7	6.6	11.4	13.3	15.3	80	0.4	0.6
90072700.DDC	791	0.75	3550	14.7	-7.0	-32.7	7.6	6.8	6.0	7.6	7.2	84	0.5	2.2
90072800.TOP	268	0.75	3231	16.5	-7.8	-32.8	6.7	6.6	9.8	8.8	11.3	281	0.5	0.9
90073100.JAN	91	0.75	2834	14.6	-7.3	-33.8	6.1	7.0	0.7	5.1	4.3	-3	0.3	0.6
90080400.STC	315	0.75	2284	13.1	-12.5	-34.8	7.3	6.0	8.7	5.3	20.0	45	0.5	1.4
90081400.ALB	86	0.75	1251	14.6	-7.6	-33.8	5.7	7.0	20.7	31.1	21.6	261	0.5	0.6
90081400.MAF	873	0.75	1598	13.7	-7.1	-32.0	6.2	6.6	2.3	4.4	16.6	35	0.2	0.6
90081700.CHS	13	0.75	3949	19.5	-6.9	-32.2	5.7	6.7	11.2	14.2	20.9	101	0.7	0.6
90081900.DEN	1611	0.75	1982	11.7	-7.8	-35.3	7.6	7.4	6.4	10.2	22.1	25	0.3	1.7
90082000.PIA	200	0.75	4350	19.3	-6.5	-31.2	6.2	6.5	9.4	12.0	9.9	67	0.7	0.6
90082200.BNA	180	0.75	2619	15.5	-6.1	-32.3	6.1	6.9	8.7	9.1	12.7	-10	0.3	0.6
90082300.GGG	124	0.75	3016	16.2	-5.9	-30.3	6.0	6.4	5.3	1.3	5.5	35	0.2	0.6
90082500.OUN	357	0.75	2800	15.7	-6.4	-31.1	6.6	6.6	5.3	5.0	11.9	63	0.3	0.6
90082500.OVN	400	0.75	3418	17.2	-7.1	-33.6	6.4	7.0	10.0	12.0	21.9	181	0.6	0.7
90083000.ACY	23	0.75	2413	15.2	-9.3	-34.4	5.8	6.8	9.0	13.9	22.7	62	0.6	0.6
90101700.MAF	873	0.75	2870	12.3	-12.5	-40.6	8.0	7.7	7.7	14.9	16.2	78	1.3	2.3
91051700.TBW	13	0.75	3306	16.1	-7.5	-34.7	5.4	7.2	3.8	4.0	0.9	-5	0.3	0.6
91060600.CKL	140	0.75	2864	16.3	-8.6	-33.4	6.4	6.6	6.2	8.9	11.4	21	0.5	0.6
94062400.GGG	124	0.75	3754	18.0	-5.5	-30.6	6.3	6.6	8.2	11.0	14.2	98	0.5	0.6
94062400.HTS	246	0.75	2798	16.5	-5.5	-30.1	5.3	6.5	4.7	8.5	15.0	39	0.2	0.6
94070200.LCH	5	0.75	2754	17.0	-6.8	-32.4	6.4	6.8	12.4	10.7	11.0	84	0.4	0.6
97061700.BMX	178	0.75	3829	18.2	-6.9	-31.5	5.9	6.5	6.9	12.4	13.0	48	0.6	0.6
97062400.MAF	872	0.75	3310	14.1	-9.9	-32.7	8.9	6.1	13.0	11.5	8.6	108	1.1	1.6
97081700.TBW	13	0.75	3152	17.4	-7.3	-32.7	6.2	6.8	1.8	2.6	4.4	8	0.3	0.6
97081800.SLC	1288	0.75	931	8.3	-10.3	-36.9	8.5	7.2	13.6	16.1	22.9	203	0.3	1.4
97082200.ILN	317	0.75	520	9.6	-16.3	-41.3	5.8	6.9	3.9	17.5	30.9	50	0.2	0.7
98062500.JAN	101	0.75	3507	17.3	-6.1	-32.3	6.0	7.0	7.1	2.3	8.6	-1	0.3	0.7
98081000.SHV	79	0.75	3464	16.8	-6.5	-33.5	5.9	7.2	4.2	4.8	1.1	42	0.3	0.6
